100 100 10000
1 1 -18
1 2 -32
1 3 -69
1 4 92
1 5 53
1 6 22
1 7 54
1 8 9
1 9 24
1 10 -65
1 11 0
1 12 60
1 13 44
1 14 51
1 15 58
1 16 3
1 17 77
1 18 -79
1 19 14
1 20 -71
1 21 -43
1 22 97
1 23 -36
1 24 -39
1 25 -37
1 26 -24
1 27 -97
1 28 0
1 29 -7
1 30 -7
1 31 29
1 32 -3
1 33 -61
1 34 -50
1 35 -82
1 36 66
1 37 -58
1 38 16
1 39 -73
1 40 -44
1 41 26
1 42 52
1 43 -76
1 44 93
1 45 80
1 46 -96
1 47 49
1 48 24
1 49 13
1 50 -20
1 51 3
1 52 -93
1 53 36
1 54 26
1 55 -34
1 56 -11
1 57 -8
1 58 -36
1 59 -87
1 60 88
1 61 -9
1 62 63
1 63 51
1 64 39
1 65 -36
1 66 24
1 67 -81
1 68 -2
1 69 51
1 70 -32
1 71 71
1 72 65
1 73 52
1 74 93
1 75 16
1 76 38
1 77 14
1 78 16
1 79 33
1 80 -41
1 81 -82
1 82 -15
1 83 33
1 84 -61
1 85 98
1 86 -72
1 87 19
1 88 60
1 89 51
1 90 -23
1 91 -25
1 92 -41
1 93 -19
1 94 43
1 95 -23
1 96 14
1 97 26
1 98 45
1 99 -28
1 100 -59
2 1 -21
2 2 -70
2 3 -77
2 4 38
2 5 21
2 6 -66
2 7 3
2 8 -11
2 9 -82
2 10 87
2 11 -60
2 12 46
2 13 64
2 14 27
2 15 11
2 16 7
2 17 -77
2 18 19
2 19 -11
2 20 -41
2 21 -8
2 22 73
2 23 -33
2 24 -78
2 25 37
2 26 -80
2 27 94
2 28 59
2 29 -16
2 30 -44
2 31 -22
2 32 -76
2 33 55
2 34 32
2 35 -51
2 36 -61
2 37 -42
2 38 -12
2 39 -32
2 40 88
2 41 -54
2 42 81
2 43 64
2 44 12
2 45 39
2 46 -66
2 47 69
2 48 75
2 49 -32
2 50 76
2 51 77
2 52 -65
2 53 -34
2 54 -64
2 55 -52
2 56 -68
2 57 -50
2 58 15
2 59 47
2 60 54
2 61 16
2 62 -58
2 63 85
2 64 -22
2 65 -6
2 66 -55
2 67 22
2 68 -69
2 69 -28
2 70 26
2 71 84
2 72 -10
2 73 58
2 74 -45
2 75 -50
2 76 -17
2 77 -65
2 78 46
2 79 -7
2 80 42
2 81 78
2 82 -52
2 83 -72
2 84 -72
2 85 27
2 86 66
2 87 -53
2 88 20
2 89 46
2 90 0
2 91 -48
2 92 59
2 93 -9
2 94 0
2 95 97
2 96 28
2 97 40
2 98 76
2 99 -49
2 100 -17
3 1 47
3 2 80
3 3 71
3 4 41
3 5 -8
3 6 -53
3 7 -12
3 8 -50
3 9 48
3 10 -42
3 11 38
3 12 1
3 13 -95
3 14 77
3 15 -42
3 16 -53
3 17 -67
3 18 29
3 19 -92
3 20 35
3 21 51
3 22 -52
3 23 61
3 24 -71
3 25 -58
3 26 -76
3 27 15
3 28 60
3 29 -91
3 30 51
3 31 -11
3 32 70
3 33 57
3 34 -57
3 35 -4
3 36 -33
3 37 80
3 38 -86
3 39 2
3 40 -54
3 41 -86
3 42 28
3 43 -52
3 44 -8
3 45 51
3 46 -69
3 47 -48
3 48 23
3 49 -27
3 50 5
3 51 -62
3 52 51
3 53 79
3 54 -35
3 55 -20
3 56 -28
3 57 58
3 58 63
3 59 64
3 60 99
3 61 25
3 62 93
3 63 -80
3 64 -84
3 65 -35
3 66 -53
3 67 -36
3 68 -58
3 69 72
3 70 -31
3 71 75
3 72 -81
3 73 14
3 74 85
3 75 -19
3 76 81
3 77 -86
3 78 23
3 79 -99
3 80 -68
3 81 94
3 82 28
3 83 47
3 84 -28
3 85 52
3 86 -34
3 87 63
3 88 -10
3 89 -16
3 90 45
3 91 96
3 92 -99
3 93 55
3 94 -51
3 95 25
3 96 96
3 97 87
3 98 49
3 99 53
3 100 15
4 1 -79
4 2 -43
4 3 -78
4 4 20
4 5 -95
4 6 -100
4 7 50
4 8 -47
4 9 -33
4 10 43
4 11 57
4 12 3
4 13 -67
4 14 -11
4 15 69
4 16 -90
4 17 73
4 18 -84
4 19 -35
4 20 -92
4 21 14
4 22 -60
4 23 -87
4 24 42
4 25 92
4 26 7
4 27 60
4 28 64
4 29 -63
4 30 -63
4 31 -69
4 32 47
4 33 -22
4 34 46
4 35 -69
4 36 -24
4 37 -24
4 38 -20
4 39 97
4 40 -6
4 41 -40
4 42 -86
4 43 -19
4 44 43
4 45 -49
4 46 -25
4 47 -9
4 48 63
4 49 -45
4 50 -1
4 51 -95
4 52 -63
4 53 -35
4 54 10
4 55 32
4 56 81
4 57 -24
4 58 5
4 59 -61
4 60 -95
4 61 99
4 62 -49
4 63 33
4 64 -62
4 65 53
4 66 33
4 67 -58
4 68 -54
4 69 -39
4 70 -30
4 71 -9
4 72 39
4 73 94
4 74 12
4 75 -81
4 76 78
4 77 -90
4 78 -82
4 79 -42
4 80 -12
4 81 43
4 82 -24
4 83 -45
4 84 35
4 85 -33
4 86 87
4 87 25
4 88 -25
4 89 -48
4 90 -58
4 91 20
4 92 61
4 93 5
4 94 -84
4 95 2
4 96 24
4 97 -21
4 98 16
4 99 99
4 100 73
5 1 -62
5 2 -19
5 3 -28
5 4 -40
5 5 -98
5 6 79
5 7 -89
5 8 -24
5 9 -95
5 10 -68
5 11 85
5 12 -9
5 13 -1
5 14 61
5 15 19
5 16 98
5 17 -70
5 18 -27
5 19 33
5 20 -30
5 21 -5
5 22 -74
5 23 -63
5 24 75
5 25 -8
5 26 -35
5 27 1
5 28 -53
5 29 -41
5 30 59
5 31 60
5 32 -18
5 33 25
5 34 19
5 35 49
5 36 -66
5 37 66
5 38 42
5 39 -18
5 40 -94
5 41 40
5 42 -49
5 43 97
5 44 44
5 45 28
5 46 -67
5 47 58
5 48 -37
5 49 -33
5 50 -87
5 51 56
5 52 -31
5 53 -24
5 54 -81
5 55 -98
5 56 -28
5 57 77
5 58 52
5 59 -89
5 60 -15
5 61 13
5 62 9
5 63 0
5 64 37
5 65 -2
5 66 89
5 67 40
5 68 18
5 69 70
5 70 -42
5 71 -57
5 72 71
5 73 19
5 74 -73
5 75 22
5 76 53
5 77 76
5 78 -56
5 79 88
5 80 29
5 81 62
5 82 73
5 83 -77
5 84 -60
5 85 27
5 86 -24
5 87 -50
5 88 -93
5 89 -19
5 90 67
5 91 58
5 92 26
5 93 0
5 94 -24
5 95 -71
5 96 18
5 97 74
5 98 -26
5 99 25
5 100 87
6 1 -53
6 2 -49
6 3 11
6 4 2
6 5 -72
6 6 91
6 7 -36
6 8 -38
6 9 -41
6 10 56
6 11 87
6 12 50
6 13 -8
6 14 71
6 15 -89
6 16 -62
6 17 -37
6 18 -97
6 19 -20
6 20 -88
6 21 31
6 22 26
6 23 -10
6 24 67
6 25 47
6 26 -66
6 27 1
6 28 45
6 29 61
6 30 60
6 31 -60
6 32 -73
6 33 94
6 34 -95
6 35 -61
6 36 -76
6 37 43
6 38 -85
6 39 -55
6 40 14
6 41 -8
6 42 33
6 43 52
6 44 96
6 45 -69
6 46 -40
6 47 -82
6 48 81
6 49 -27
6 50 -34
6 51 0
6 52 24
6 53 74
6 54 66
6 55 25
6 56 49
6 57 56
6 58 86
6 59 -36
6 60 -45
6 61 -35
6 62 -23
6 63 53
6 64 84
6 65 93
6 66 36
6 67 -1
6 68 97
6 69 1
6 70 -4
6 71 55
6 72 -90
6 73 -51
6 74 -47
6 75 -20
6 76 -77
6 77 36
6 78 31
6 79 -22
6 80 54
6 81 10
6 82 -38
6 83 21
6 84 36
6 85 -96
6 86 35
6 87 81
6 88 -43
6 89 -17
6 90 -52
6 91 27
6 92 20
6 93 -3
6 94 -89
6 95 78
6 96 -7
6 97 -15
6 98 -51
6 99 82
6 100 -79
7 1 30
7 2 -18
7 3 45
7 4 67
7 5 27
7 6 67
7 7 -18
7 8 98
7 9 6
7 10 51
7 11 -71
7 12 -27
7 13 -35
7 14 6
7 15 -15
7 16 -77
7 17 -40
7 18 40
7 19 6
7 20 -22
7 21 29
7 22 -47
7 23 -99
7 24 81
7 25 30
7 26 -2
7 27 44
7 28 -49
7 29 -16
7 30 -15
7 31 87
7 32 -46
7 33 -56
7 34 -53
7 35 -37
7 36 -13
7 37 12
7 38 -12
7 39 -100
7 40 -2
7 41 59
7 42 -11
7 43 3
7 44 60
7 45 -42
7 46 -31
7 47 -69
7 48 -33
7 49 13
7 50 -1
7 51 30
7 52 49
7 53 -28
7 54 -9
7 55 -97
7 56 -43
7 57 60
7 58 68
7 59 -14
7 60 87
7 61 -70
7 62 -55
7 63 13
7 64 -3
7 65 -76
7 66 98
7 67 -48
7 68 -63
7 69 46
7 70 -40
7 71 -85
7 72 -15
7 73 81
7 74 93
7 75 73
7 76 8
7 77 38
7 78 -34
7 79 -35
7 80 26
7 81 -68
7 82 -53
7 83 -98
7 84 -66
7 85 3
7 86 -73
7 87 96
7 88 58
7 89 37
7 90 70
7 91 -56
7 92 49
7 93 42
7 94 35
7 95 57
7 96 -20
7 97 -21
7 98 3
7 99 -76
7 100 96
8 1 -31
8 2 48
8 3 -52
8 4 82
8 5 -30
8 6 88
8 7 -52
8 8 -94
8 9 -61
8 10 24
8 11 -30
8 12 41
8 13 23
8 14 3
8 15 -19
8 16 -89
8 17 -93
8 18 -23
8 19 -54
8 20 36
8 21 36
8 22 67
8 23 -67
8 24 -13
8 25 -44
8 26 -93
8 27 56
8 28 57
8 29 -63
8 30 94
8 31 74
8 32 68
8 33 8
8 34 84
8 35 -61
8 36 -92
8 37 -17
8 38 29
8 39 50
8 40 -55
8 41 -9
8 42 -69
8 43 36
8 44 54
8 45 -12
8 46 -81
8 47 -23
8 48 6
8 49 -52
8 50 -47
8 51 -39
8 52 31
8 53 57
8 54 -65
8 55 -52
8 56 -36
8 57 -58
8 58 -5
8 59 -64
8 60 81
8 61 -97
8 62 -12
8 63 -22
8 64 -87
8 65 40
8 66 22
8 67 -58
8 68 18
8 69 -67
8 70 16
8 71 96
8 72 -83
8 73 77
8 74 17
8 75 6
8 76 -96
8 77 -8
8 78 -4
8 79 -3
8 80 54
8 81 53
8 82 9
8 83 86
8 84 72
8 85 20
8 86 72
8 87 13
8 88 13
8 89 -87
8 90 55
8 91 -59
8 92 -22
8 93 -3
8 94 -96
8 95 2
8 96 -51
8 97 15
8 98 -49
8 99 27
8 100 89
9 1 -33
9 2 29
9 3 35
9 4 34
9 5 7
9 6 -57
9 7 7
9 8 -5
9 9 -93
9 10 -52
9 11 -89
9 12 65
9 13 -60
9 14 -55
9 15 -50
9 16 -53
9 17 -89
9 18 -60
9 19 -26
9 20 52
9 21 85
9 22 37
9 23 62
9 24 -10
9 25 38
9 26 -26
9 27 58
9 28 93
9 29 -35
9 30 90
9 31 32
9 32 28
9 33 22
9 34 -41
9 35 29
9 36 -35
9 37 -56
9 38 -10
9 39 -67
9 40 40
9 41 -28
9 42 -34
9 43 -85
9 44 61
9 45 -13
9 46 20
9 47 15
9 48 -57
9 49 42
9 50 81
9 51 78
9 52 72
9 53 31
9 54 4
9 55 19
9 56 -63
9 57 -56
9 58 -25
9 59 -54
9 60 81
9 61 24
9 62 -31
9 63 73
9 64 53
9 65 -98
9 66 -68
9 67 83
9 68 81
9 69 -33
9 70 -86
9 71 37
9 72 40
9 73 33
9 74 -51
9 75 93
9 76 -43
9 77 1
9 78 -13
9 79 -32
9 80 -25
9 81 76
9 82 -91
9 83 -68
9 84 37
9 85 41
9 86 -25
9 87 63
9 88 -23
9 89 -39
9 90 13
9 91 23
9 92 65
9 93 50
9 94 91
9 95 35
9 96 19
9 97 -95
9 98 -74
9 99 -94
9 100 74
10 1 -87
10 2 -82
10 3 -39
10 4 -24
10 5 -99
10 6 12
10 7 -5
10 8 51
10 9 56
10 10 43
10 11 38
10 12 -94
10 13 -59
10 14 87
10 15 -51
10 16 -64
10 17 -91
10 18 -24
10 19 -97
10 20 19
10 21 51
10 22 -68
10 23 82
10 24 26
10 25 -9
10 26 -42
10 27 56
10 28 19
10 29 18
10 30 -2
10 31 -41
10 32 74
10 33 -76
10 34 -52
10 35 -75
10 36 11
10 37 36
10 38 80
10 39 31
10 40 96
10 41 43
10 42 -4
10 43 -45
10 44 -48
10 45 -80
10 46 92
10 47 12
10 48 -48
10 49 -39
10 50 -63
10 51 -25
10 52 -58
10 53 -24
10 54 83
10 55 0
10 56 97
10 57 -32
10 58 -35
10 59 72
10 60 -97
10 61 76
10 62 16
10 63 81
10 64 -9
10 65 1
10 66 42
10 67 95
10 68 -54
10 69 56
10 70 7
10 71 52
10 72 -93
10 73 -54
10 74 -88
10 75 92
10 76 53
10 77 -22
10 78 -71
10 79 19
10 80 -38
10 81 -7
10 82 -11
10 83 47
10 84 -82
10 85 78
10 86 42
10 87 0
10 88 40
10 89 -26
10 90 -82
10 91 -18
10 92 -75
10 93 33
10 94 -1
10 95 27
10 96 43
10 97 -32
10 98 -36
10 99 70
10 100 37
11 1 82
11 2 39
11 3 47
11 4 -25
11 5 60
11 6 51
11 7 -13
11 8 47
11 9 32
11 10 -58
11 11 -23
11 12 71
11 13 7
11 14 -54
11 15 -89
11 16 63
11 17 -64
11 18 13
11 19 -55
11 20 -61
11 21 8
11 22 -10
11 23 -89
11 24 22
11 25 -3
11 26 14
11 27 11
11 28 -38
11 29 74
11 30 -69
11 31 63
11 32 17
11 33 -64
11 34 -57
11 35 -53
11 36 -23
11 37 19
11 38 -19
11 39 -28
11 40 47
11 41 -97
11 42 -16
11 43 -93
11 44 16
11 45 6
11 46 73
11 47 -21
11 48 74
11 49 23
11 50 -73
11 51 -34
11 52 -77
11 53 64
11 54 -54
11 55 34
11 56 -19
11 57 63
11 58 49
11 59 -62
11 60 -89
11 61 -33
11 62 -86
11 63 34
11 64 -44
11 65 29
11 66 -40
11 67 20
11 68 -26
11 69 -52
11 70 -96
11 71 -60
11 72 17
11 73 -22
11 74 -66
11 75 96
11 76 81
11 77 71
11 78 69
11 79 -38
11 80 24
11 81 20
11 82 -10
11 83 80
11 84 -88
11 85 -11
11 86 -87
11 87 52
11 88 -98
11 89 16
11 90 -22
11 91 57
11 92 -72
11 93 -32
11 94 -71
11 95 -63
11 96 -36
11 97 25
11 98 63
11 99 79
11 100 52
12 1 -14
12 2 5
12 3 -84
12 4 -83
12 5 -60
12 6 -39
12 7 77
12 8 29
12 9 73
12 10 -58
12 11 32
12 12 89
12 13 -43
12 14 79
12 15 97
12 16 86
12 17 86
12 18 -53
12 19 73
12 20 -72
12 21 -88
12 22 33
12 23 -96
12 24 69
12 25 60
12 26 -79
12 27 39
12 28 -7
12 29 -45
12 30 33
12 31 -22
12 32 44
12 33 64
12 34 -93
12 35 -8
12 36 49
12 37 47
12 38 68
12 39 -68
12 40 85
12 41 57
12 42 22
12 43 33
12 44 -27
12 45 -23
12 46 -34
12 47 10
12 48 47
12 49 -16
12 50 -98
12 51 -2
12 52 39
12 53 -78
12 54 -62
12 55 44
12 56 82
12 57 -3
12 58 -5
12 59 -47
12 60 -33
12 61 -2
12 62 2
12 63 -26
12 64 26
12 65 59
12 66 14
12 67 -70
12 68 45
12 69 -47
12 70 25
12 71 -6
12 72 -93
12 73 -20
12 74 -94
12 75 50
12 76 51
12 77 32
12 78 7
12 79 -82
12 80 26
12 81 40
12 82 85
12 83 -95
12 84 61
12 85 12
12 86 5
12 87 27
12 88 2
12 89 -56
12 90 -79
12 91 -64
12 92 65
12 93 14
12 94 -15
12 95 -47
12 96 32
12 97 92
12 98 73
12 99 63
12 100 -94
13 1 -12
13 2 80
13 3 23
13 4 -48
13 5 -50
13 6 43
13 7 -51
13 8 -8
13 9 56
13 10 80
13 11 -74
13 12 26
13 13 -18
13 14 34
13 15 -63
13 16 65
13 17 -94
13 18 40
13 19 54
13 20 83
13 21 48
13 22 -81
13 23 -44
13 24 -33
13 25 -38
13 26 -87
13 27 -43
13 28 -75
13 29 64
13 30 -60
13 31 2
13 32 82
13 33 -81
13 34 -47
13 35 -81
13 36 47
13 37 60
13 38 29
13 39 -62
13 40 -63
13 41 -87
13 42 62
13 43 80
13 44 -7
13 45 -63
13 46 45
13 47 -73
13 48 -80
13 49 86
13 50 -80
13 51 96
13 52 72
13 53 -98
13 54 78
13 55 76
13 56 -38
13 57 49
13 58 -12
13 59 60
13 60 -7
13 61 -71
13 62 28
13 63 -5
13 64 0
13 65 58
13 66 67
13 67 39
13 68 34
13 69 -99
13 70 53
13 71 15
13 72 -35
13 73 6
13 74 -97
13 75 55
13 76 -27
13 77 31
13 78 -32
13 79 -78
13 80 63
13 81 70
13 82 -65
13 83 -86
13 84 54
13 85 -55
13 86 11
13 87 52
13 88 21
13 89 -11
13 90 -9
13 91 52
13 92 5
13 93 64
13 94 22
13 95 -78
13 96 77
13 97 93
13 98 50
13 99 79
13 100 -83
14 1 30
14 2 51
14 3 63
14 4 -99
14 5 48
14 6 -88
14 7 -70
14 8 -48
14 9 30
14 10 -57
14 11 96
14 12 -75
14 13 29
14 14 -87
14 15 74
14 16 -28
14 17 87
14 18 18
14 19 27
14 20 89
14 21 39
14 22 -19
14 23 99
14 24 29
14 25 -19
14 26 27
14 27 69
14 28 58
14 29 -95
14 30 -77
14 31 26
14 32 5
14 33 -13
14 34 -89
14 35 54
14 36 -47
14 37 8
14 38 -6
14 39 -65
14 40 26
14 41 -45
14 42 25
14 43 90
14 44 54
14 45 -57
14 46 92
14 47 67
14 48 39
14 49 76
14 50 -94
14 51 33
14 52 -73
14 53 -99
14 54 29
14 55 -44
14 56 -80
14 57 12
14 58 -92
14 59 39
14 60 -93
14 61 -90
14 62 -53
14 63 2
14 64 -70
14 65 -52
14 66 7
14 67 9
14 68 -1
14 69 96
14 70 25
14 71 -62
14 72 -62
14 73 47
14 74 87
14 75 34
14 76 -95
14 77 7
14 78 -63
14 79 47
14 80 76
14 81 -72
14 82 -43
14 83 -55
14 84 6
14 85 99
14 86 -88
14 87 86
14 88 26
14 89 5
14 90 -74
14 91 -98
14 92 -64
14 93 28
14 94 -84
14 95 -39
14 96 -34
14 97 -33
14 98 34
14 99 8
14 100 17
15 1 23
15 2 68
15 3 -87
15 4 -7
15 5 47
15 6 81
15 7 73
15 8 42
15 9 -40
15 10 -10
15 11 22
15 12 4
15 13 85
15 14 -67
15 15 -86
15 16 36
15 17 12
15 18 -19
15 19 57
15 20 78
15 21 49
15 22 -11
15 23 -52
15 24 93
15 25 84
15 26 -5
15 27 -12
15 28 41
15 29 -84
15 30 -84
15 31 -40
15 32 86
15 33 -5
15 34 -97
15 35 -64
15 36 -64
15 37 24
15 38 -17
15 39 8
15 40 -84
15 41 93
15 42 12
15 43 67
15 44 -36
15 45 58
15 46 -25
15 47 -89
15 48 -11
15 49 16
15 50 -18
15 51 4
15 52 -98
15 53 63
15 54 -81
15 55 -81
15 56 78
15 57 35
15 58 -93
15 59 67
15 60 30
15 61 78
15 62 14
15 63 57
15 64 -76
15 65 -94
15 66 96
15 67 -29
15 68 35
15 69 85
15 70 18
15 71 -82
15 72 -6
15 73 -90
15 74 -96
15 75 61
15 76 26
15 77 28
15 78 27
15 79 17
15 80 83
15 81 9
15 82 -2
15 83 91
15 84 18
15 85 -10
15 86 76
15 87 -49
15 88 3
15 89 -95
15 90 25
15 91 -21
15 92 2
15 93 69
15 94 83
15 95 -67
15 96 35
15 97 88
15 98 12
15 99 12
15 100 -63
16 1 -70
16 2 -85
16 3 77
16 4 -96
16 5 85
16 6 35
16 7 63
16 8 68
16 9 45
16 10 -69
16 11 45
16 12 -85
16 13 3
16 14 -58
16 15 93
16 16 -91
16 17 45
16 18 80
16 19 28
16 20 67
16 21 -33
16 22 -4
16 23 1
16 24 -96
16 25 26
16 26 -22
16 27 69
16 28 -40
16 29 14
16 30 -53
16 31 -33
16 32 -6
16 33 -85
16 34 92
16 35 84
16 36 2
16 37 -29
16 38 4
16 39 -5
16 40 99
16 41 -10
16 42 32
16 43 -35
16 44 -44
16 45 -18
16 46 -61
16 47 54
16 48 49
16 49 84
16 50 63
16 51 44
16 52 49
16 53 -35
16 54 12
16 55 81
16 56 78
16 57 -53
16 58 -42
16 59 -41
16 60 -54
16 61 9
16 62 -14
16 63 -88
16 64 88
16 65 -70
16 66 -22
16 67 -5
16 68 -57
16 69 -45
16 70 61
16 71 -59
16 72 54
16 73 50
16 74 -45
16 75 -31
16 76 41
16 77 -40
16 78 46
16 79 59
16 80 -21
16 81 21
16 82 -61
16 83 93
16 84 -81
16 85 -83
16 86 -26
16 87 -66
16 88 16
16 89 -51
16 90 7
16 91 -74
16 92 25
16 93 37
16 94 -60
16 95 17
16 96 73
16 97 -5
16 98 13
16 99 -61
16 100 -35
17 1 -43
17 2 65
17 3 76
17 4 -74
17 5 -14
17 6 31
17 7 -7
17 8 39
17 9 4
17 10 -100
17 11 84
17 12 -7
17 13 -11
17 14 -91
17 15 37
17 16 33
17 17 47
17 18 5
17 19 91
17 20 -65
17 21 -46
17 22 40
17 23 -16
17 24 -58
17 25 -30
17 26 58
17 27 -73
17 28 -42
17 29 88
17 30 38
17 31 -41
17 32 -91
17 33 54
17 34 48
17 35 80
17 36 -56
17 37 -82
17 38 75
17 39 2
17 40 -5
17 41 13
17 42 -55
17 43 43
17 44 -44
17 45 32
17 46 -76
17 47 -47
17 48 90
17 49 25
17 50 66
17 51 84
17 52 -37
17 53 -60
17 54 -30
17 55 -94
17 56 -41
17 57 88
17 58 -81
17 59 -61
17 60 -13
17 61 -72
17 62 -24
17 63 73
17 64 64
17 65 91
17 66 -3
17 67 -42
17 68 -12
17 69 -74
17 70 88
17 71 82
17 72 -84
17 73 -88
17 74 -16
17 75 -54
17 76 -53
17 77 -99
17 78 -12
17 79 -15
17 80 -13
17 81 -45
17 82 0
17 83 -98
17 84 26
17 85 2
17 86 -46
17 87 -47
17 88 53
17 89 -61
17 90 27
17 91 -5
17 92 -11
17 93 -27
17 94 49
17 95 49
17 96 -19
17 97 -34
17 98 -5
17 99 33
17 100 99
18 1 -61
18 2 27
18 3 81
18 4 60
18 5 -7
18 6 -89
18 7 -30
18 8 65
18 9 -5
18 10 98
18 11 -78
18 12 20
18 13 90
18 14 41
18 15 -77
18 16 -41
18 17 1
18 18 76
18 19 -11
18 20 -95
18 21 52
18 22 -37
18 23 -98
18 24 -59
18 25 58
18 26 -12
18 27 -93
18 28 6
18 29 6
18 30 89
18 31 45
18 32 43
18 33 -85
18 34 -67
18 35 -24
18 36 83
18 37 42
18 38 60
18 39 -95
18 40 51
18 41 -15
18 42 -77
18 43 -38
18 44 33
18 45 -86
18 46 70
18 47 -39
18 48 54
18 49 96
18 50 68
18 51 -11
18 52 -11
18 53 50
18 54 -97
18 55 13
18 56 -80
18 57 -71
18 58 74
18 59 -23
18 60 -18
18 61 -44
18 62 73
18 63 -36
18 64 20
18 65 -62
18 66 -78
18 67 -29
18 68 85
18 69 74
18 70 58
18 71 -35
18 72 25
18 73 40
18 74 61
18 75 25
18 76 -94
18 77 -97
18 78 -11
18 79 65
18 80 59
18 81 50
18 82 6
18 83 73
18 84 23
18 85 82
18 86 14
18 87 -2
18 88 -87
18 89 27
18 90 -76
18 91 27
18 92 25
18 93 -90
18 94 8
18 95 58
18 96 32
18 97 33
18 98 28
18 99 72
18 100 99
19 1 -49
19 2 89
19 3 -27
19 4 -79
19 5 57
19 6 -70
19 7 0
19 8 -50
19 9 -96
19 10 -24
19 11 14
19 12 -61
19 13 -29
19 14 42
19 15 -90
19 16 -59
19 17 36
19 18 99
19 19 -23
19 20 -87
19 21 -95
19 22 -56
19 23 -35
19 24 71
19 25 -20
19 26 42
19 27 -63
19 28 -33
19 29 28
19 30 54
19 31 9
19 32 98
19 33 23
19 34 19
19 35 89
19 36 33
19 37 49
19 38 -21
19 39 55
19 40 -63
19 41 -49
19 42 -60
19 43 -47
19 44 -57
19 45 69
19 46 -98
19 47 -61
19 48 -44
19 49 15
19 50 -88
19 51 62
19 52 15
19 53 -37
19 54 -97
19 55 22
19 56 30
19 57 -75
19 58 34
19 59 19
19 60 -64
19 61 55
19 62 -90
19 63 5
19 64 80
19 65 74
19 66 -76
19 67 26
19 68 71
19 69 -30
19 70 -19
19 71 -95
19 72 3
19 73 -96
19 74 -2
19 75 81
19 76 74
19 77 99
19 78 84
19 79 42
19 80 87
19 81 55
19 82 -98
19 83 -15
19 84 23
19 85 -13
19 86 -32
19 87 27
19 88 17
19 89 80
19 90 -25
19 91 -41
19 92 8
19 93 81
19 94 49
19 95 -82
19 96 -73
19 97 -81
19 98 -26
19 99 98
19 100 7
20 1 -98
20 2 -85
20 3 -70
20 4 -2
20 5 46
20 6 -11
20 7 -70
20 8 12
20 9 82
20 10 44
20 11 -19
20 12 99
20 13 -25
20 14 -44
20 15 -53
20 16 12
20 17 -4
20 18 -16
20 19 82
20 20 -80
20 21 -55
20 22 -34
20 23 -78
20 24 13
20 25 -48
20 26 -21
20 27 6
20 28 21
20 29 90
20 30 1
20 31 27
20 32 -9
20 33 -13
20 34 -31
20 35 -5
20 36 -21
20 37 49
20 38 -42
20 39 -76
20 40 70
20 41 59
20 42 54
20 43 -99
20 44 61
20 45 0
20 46 -12
20 47 -41
20 48 -87
20 49 -90
20 50 11
20 51 84
20 52 -62
20 53 -41
20 54 -86
20 55 33
20 56 -43
20 57 -69
20 58 89
20 59 56
20 60 24
20 61 70
20 62 -4
20 63 0
20 64 30
20 65 2
20 66 80
20 67 -69
20 68 -7
20 69 -15
20 70 -77
20 71 -99
20 72 3
20 73 40
20 74 -73
20 75 -38
20 76 -43
20 77 -84
20 78 27
20 79 15
20 80 92
20 81 21
20 82 97
20 83 0
20 84 -77
20 85 4
20 86 20
20 87 15
20 88 -16
20 89 -7
20 90 95
20 91 -3
20 92 -60
20 93 -38
20 94 62
20 95 12
20 96 34
20 97 9
20 98 80
20 99 -18
20 100 -68
21 1 82
21 2 30
21 3 -83
21 4 15
21 5 63
21 6 -55
21 7 87
21 8 -33
21 9 75
21 10 42
21 11 89
21 12 83
21 13 23
21 14 -14
21 15 10
21 16 -57
21 17 -89
21 18 92
21 19 62
21 20 -17
21 21 19
21 22 -12
21 23 -83
21 24 5
21 25 56
21 26 79
21 27 -100
21 28 48
21 29 72
21 30 -66
21 31 -68
21 32 -57
21 33 86
21 34 -76
21 35 -9
21 36 -38
21 37 -9
21 38 1
21 39 76
21 40 -34
21 41 85
21 42 32
21 43 -27
21 44 -100
21 45 70
21 46 91
21 47 -42
21 48 66
21 49 86
21 50 -8
21 51 79
21 52 -27
21 53 -17
21 54 -71
21 55 -64
21 56 44
21 57 8
21 58 -74
21 59 25
21 60 -50
21 61 -17
21 62 -4
21 63 -99
21 64 -7
21 65 -1
21 66 -36
21 67 -81
21 68 11
21 69 21
21 70 73
21 71 -16
21 72 90
21 73 98
21 74 11
21 75 11
21 76 70
21 77 -22
21 78 81
21 79 65
21 80 23
21 81 -40
21 82 68
21 83 77
21 84 70
21 85 21
21 86 82
21 87 34
21 88 11
21 89 29
21 90 33
21 91 -61
21 92 -89
21 93 54
21 94 87
21 95 -20
21 96 48
21 97 76
21 98 36
21 99 -67
21 100 92
22 1 57
22 2 -25
22 3 -72
22 4 -47
22 5 -4
22 6 -31
22 7 -25
22 8 -91
22 9 65
22 10 3
22 11 -16
22 12 32
22 13 64
22 14 -94
22 15 -27
22 16 -54
22 17 -91
22 18 85
22 19 29
22 20 50
22 21 34
22 22 8
22 23 54
22 24 69
22 25 -77
22 26 -7
22 27 23
22 28 33
22 29 -72
22 30 5
22 31 91
22 32 74
22 33 74
22 34 11
22 35 45
22 36 65
22 37 -66
22 38 25
22 39 -69
22 40 72
22 41 -50
22 42 44
22 43 -79
22 44 -88
22 45 -65
22 46 -93
22 47 -30
22 48 74
22 49 67
22 50 70
22 51 54
22 52 -67
22 53 2
22 54 53
22 55 -50
22 56 76
22 57 85
22 58 -52
22 59 -33
22 60 14
22 61 -49
22 62 -71
22 63 73
22 64 33
22 65 -76
22 66 79
22 67 -45
22 68 72
22 69 -39
22 70 8
22 71 -42
22 72 17
22 73 -22
22 74 27
22 75 34
22 76 -64
22 77 -49
22 78 -17
22 79 67
22 80 8
22 81 -46
22 82 18
22 83 -58
22 84 -50
22 85 -32
22 86 -41
22 87 96
22 88 84
22 89 52
22 90 82
22 91 31
22 92 12
22 93 -4
22 94 -61
22 95 -43
22 96 -84
22 97 79
22 98 -48
22 99 -3
22 100 31
23 1 11
23 2 -68
23 3 13
23 4 0
23 5 -47
23 6 97
23 7 37
23 8 -94
23 9 82
23 10 -69
23 11 55
23 12 -68
23 13 -18
23 14 94
23 15 78
23 16 19
23 17 43
23 18 68
23 19 99
23 20 82
23 21 50
23 22 4
23 23 15
23 24 2
23 25 -17
23 26 36
23 27 -94
23 28 -80
23 29 33
23 30 20
23 31 54
23 32 -7
23 33 88
23 34 19
23 35 43
23 36 -84
23 37 -31
23 38 36
23 39 84
23 40 -17
23 41 22
23 42 -31
23 43 5
23 44 10
23 45 36
23 46 -42
23 47 -100
23 48 -20
23 49 -76
23 50 89
23 51 41
23 52 -24
23 53 -72
23 54 -25
23 55 -43
23 56 -97
23 57 73
23 58 -72
23 59 -7
23 60 -72
23 61 89
23 62 -75
23 63 -37
23 64 54
23 65 90
23 66 17
23 67 7
23 68 -41
23 69 48
23 70 -6
23 71 68
23 72 12
23 73 -91
23 74 16
23 75 9
23 76 73
23 77 82
23 78 -29
23 79 90
23 80 -22
23 81 -35
23 82 -62
23 83 -91
23 84 -60
23 85 -23
23 86 -92
23 87 -60
23 88 -1
23 89 30
23 90 -94
23 91 -63
23 92 -23
23 93 -61
23 94 -36
23 95 -50
23 96 60
23 97 83
23 98 94
23 99 7
23 100 -40
24 1 -63
24 2 -54
24 3 -14
24 4 8
24 5 58
24 6 -62
24 7 -66
24 8 81
24 9 -71
24 10 36
24 11 -55
24 12 -3
24 13 -95
24 14 81
24 15 -65
24 16 45
24 17 -80
24 18 -19
24 19 54
24 20 -76
24 21 98
24 22 -91
24 23 -56
24 24 -31
24 25 -75
24 26 -36
24 27 -68
24 28 -89
24 29 82
24 30 -98
24 31 80
24 32 -89
24 33 57
24 34 82
24 35 87
24 36 66
24 37 -11
24 38 -95
24 39 60
24 40 -77
24 41 86
24 42 15
24 43 30
24 44 -94
24 45 13
24 46 12
24 47 -26
24 48 -57
24 49 19
24 50 71
24 51 90
24 52 -99
24 53 69
24 54 94
24 55 -7
24 56 -49
24 57 6
24 58 3
24 59 40
24 60 -6
24 61 61
24 62 75
24 63 26
24 64 -34
24 65 9
24 66 69
24 67 39
24 68 -46
24 69 49
24 70 -89
24 71 80
24 72 -50
24 73 59
24 74 -34
24 75 -20
24 76 39
24 77 4
24 78 38
24 79 99
24 80 -85
24 81 -64
24 82 -25
24 83 -89
24 84 24
24 85 -93
24 86 -42
24 87 15
24 88 27
24 89 -36
24 90 1
24 91 76
24 92 22
24 93 -3
24 94 86
24 95 0
24 96 -50
24 97 -14
24 98 16
24 99 -53
24 100 85
25 1 -70
25 2 -23
25 3 25
25 4 82
25 5 -32
25 6 -57
25 7 58
25 8 69
25 9 -83
25 10 -9
25 11 -75
25 12 -65
25 13 61
25 14 78
25 15 16
25 16 -50
25 17 42
25 18 -26
25 19 98
25 20 41
25 21 11
25 22 29
25 23 91
25 24 14
25 25 48
25 26 -4
25 27 -10
25 28 -81
25 29 -97
25 30 -19
25 31 -83
25 32 95
25 33 -99
25 34 -49
25 35 0
25 36 -5
25 37 -21
25 38 42
25 39 -36
25 40 -3
25 41 -96
25 42 3
25 43 49
25 44 -83
25 45 1
25 46 -35
25 47 -68
25 48 -1
25 49 66
25 50 34
25 51 -91
25 52 -68
25 53 86
25 54 47
25 55 -87
25 56 -73
25 57 -87
25 58 -40
25 59 8
25 60 -62
25 61 91
25 62 -59
25 63 -7
25 64 2
25 65 -29
25 66 -44
25 67 11
25 68 55
25 69 89
25 70 88
25 71 -43
25 72 95
25 73 3
25 74 98
25 75 -46
25 76 97
25 77 -45
25 78 -66
25 79 17
25 80 46
25 81 -36
25 82 -7
25 83 -36
25 84 15
25 85 -23
25 86 -69
25 87 19
25 88 9
25 89 -45
25 90 10
25 91 -4
25 92 82
25 93 69
25 94 -84
25 95 69
25 96 -58
25 97 -34
25 98 83
25 99 -40
25 100 -53
26 1 -32
26 2 49
26 3 61
26 4 -56
26 5 38
26 6 -15
26 7 54
26 8 23
26 9 27
26 10 -21
26 11 -55
26 12 -29
26 13 37
26 14 -78
26 15 29
26 16 -80
26 17 -18
26 18 -14
26 19 -61
26 20 96
26 21 -10
26 22 81
26 23 82
26 24 40
26 25 58
26 26 72
26 27 6
26 28 61
26 29 8
26 30 20
26 31 -2
26 32 61
26 33 -48
26 34 1
26 35 5
26 36 -51
26 37 -71
26 38 70
26 39 41
26 40 -58
26 41 -2
26 42 -68
26 43 -14
26 44 -59
26 45 46
26 46 -51
26 47 78
26 48 99
26 49 99
26 50 -30
26 51 -43
26 52 62
26 53 46
26 54 88
26 55 -80
26 56 -75
26 57 39
26 58 38
26 59 -45
26 60 6
26 61 84
26 62 88
26 63 -9
26 64 65
26 65 -24
26 66 -49
26 67 -47
26 68 -84
26 69 66
26 70 -2
26 71 -71
26 72 62
26 73 4
26 74 30
26 75 28
26 76 74
26 77 -43
26 78 -98
26 79 -46
26 80 31
26 81 41
26 82 60
26 83 14
26 84 -47
26 85 -90
26 86 55
26 87 53
26 88 -41
26 89 -40
26 90 -47
26 91 38
26 92 -97
26 93 3
26 94 -42
26 95 -95
26 96 -78
26 97 18
26 98 30
26 99 -68
26 100 89
27 1 49
27 2 90
27 3 -74
27 4 11
27 5 -53
27 6 -41
27 7 47
27 8 41
27 9 3
27 10 -80
27 11 -67
27 12 -99
27 13 88
27 14 92
27 15 -18
27 16 -22
27 17 68
27 18 -19
27 19 44
27 20 -4
27 21 70
27 22 -64
27 23 -63
27 24 -78
27 25 -92
27 26 -16
27 27 -65
27 28 64
27 29 -13
27 30 -62
27 31 -88
27 32 17
27 33 -66
27 34 -45
27 35 88
27 36 30
27 37 -47
27 38 47
27 39 -42
27 40 -84
27 41 90
27 42 24
27 43 -46
27 44 -21
27 45 -75
27 46 70
27 47 -66
27 48 -22
27 49 14
27 50 85
27 51 69
27 52 -1
27 53 42
27 54 -76
27 55 66
27 56 63
27 57 -1
27 58 -20
27 59 -88
27 60 93
27 61 0
27 62 12
27 63 50
27 64 -81
27 65 -65
27 66 -45
27 67 -69
27 68 -38
27 69 29
27 70 10
27 71 -30
27 72 -77
27 73 69
27 74 -31
27 75 -29
27 76 92
27 77 93
27 78 -30
27 79 92
27 80 -99
27 81 94
27 82 -86
27 83 55
27 84 34
27 85 3
27 86 11
27 87 -57
27 88 -82
27 89 73
27 90 12
27 91 -35
27 92 50
27 93 -46
27 94 32
27 95 -21
27 96 26
27 97 -70
27 98 74
27 99 -59
27 100 -1
28 1 32
28 2 74
28 3 -42
28 4 -79
28 5 -43
28 6 69
28 7 17
28 8 9
28 9 0
28 10 5
28 11 -89
28 12 27
28 13 78
28 14 68
28 15 -18
28 16 7
28 17 -17
28 18 -98
28 19 -33
28 20 -73
28 21 -5
28 22 -90
28 23 -73
28 24 45
28 25 -70
28 26 58
28 27 -54
28 28 -59
28 29 90
28 30 -54
28 31 49
28 32 82
28 33 54
28 34 -10
28 35 16
28 36 58
28 37 -76
28 38 67
28 39 -3
28 40 -45
28 41 87
28 42 65
28 43 87
28 44 -40
28 45 -49
28 46 -91
28 47 28
28 48 -73
28 49 59
28 50 -5
28 51 -40
28 52 -83
28 53 -48
28 54 22
28 55 -1
28 56 25
28 57 -1
28 58 -38
28 59 -87
28 60 -64
28 61 57
28 62 -4
28 63 67
28 64 -20
28 65 72
28 66 -71
28 67 -1
28 68 62
28 69 40
28 70 -30
28 71 85
28 72 -71
28 73 -57
28 74 35
28 75 -74
28 76 -9
28 77 -41
28 78 38
28 79 -31
28 80 14
28 81 -71
28 82 -95
28 83 72
28 84 -54
28 85 7
28 86 -51
28 87 -13
28 88 -21
28 89 48
28 90 -89
28 91 -71
28 92 38
28 93 -81
28 94 -9
28 95 32
28 96 -88
28 97 -3
28 98 95
28 99 -52
28 100 -46
29 1 -40
29 2 -43
29 3 44
29 4 -51
29 5 -59
29 6 20
29 7 -72
29 8 76
29 9 -61
29 10 -62
29 11 54
29 12 -65
29 13 88
29 14 -91
29 15 -52
29 16 -48
29 17 -24
29 18 -85
29 19 -77
29 20 68
29 21 -18
29 22 27
29 23 39
29 24 34
29 25 1
29 26 -82
29 27 -89
29 28 -30
29 29 -86
29 30 35
29 31 -15
29 32 54
29 33 75
29 34 -5
29 35 -59
29 36 32
29 37 -94
29 38 46
29 39 34
29 40 46
29 41 56
29 42 -15
29 43 -44
29 44 -8
29 45 -21
29 46 -2
29 47 88
29 48 -71
29 49 -51
29 50 28
29 51 23
29 52 -72
29 53 -97
29 54 48
29 55 -2
29 56 64
29 57 18
29 58 7
29 59 12
29 60 -56
29 61 71
29 62 -29
29 63 73
29 64 -90
29 65 -87
29 66 4
29 67 34
29 68 -58
29 69 76
29 70 -21
29 71 -40
29 72 -76
29 73 16
29 74 49
29 75 -31
29 76 50
29 77 -31
29 78 67
29 79 -93
29 80 -57
29 81 78
29 82 -10
29 83 56
29 84 27
29 85 8
29 86 -13
29 87 -71
29 88 57
29 89 68
29 90 -17
29 91 15
29 92 -82
29 93 -74
29 94 -58
29 95 -46
29 96 21
29 97 -61
29 98 67
29 99 17
29 100 -67
30 1 49
30 2 -87
30 3 -83
30 4 62
30 5 56
30 6 -53
30 7 -87
30 8 -76
30 9 58
30 10 87
30 11 71
30 12 -70
30 13 -58
30 14 44
30 15 -93
30 16 -31
30 17 16
30 18 98
30 19 42
30 20 -28
30 21 -54
30 22 -35
30 23 -83
30 24 92
30 25 51
30 26 51
30 27 23
30 28 -3
30 29 -74
30 30 -15
30 31 -46
30 32 -35
30 33 -60
30 34 -68
30 35 -22
30 36 -1
30 37 7
30 38 -1
30 39 37
30 40 -79
30 41 51
30 42 18
30 43 -21
30 44 54
30 45 22
30 46 -29
30 47 39
30 48 -14
30 49 44
30 50 99
30 51 91
30 52 -38
30 53 -43
30 54 14
30 55 -33
30 56 34
30 57 -53
30 58 -51
30 59 -38
30 60 22
30 61 41
30 62 72
30 63 27
30 64 31
30 65 69
30 66 45
30 67 67
30 68 31
30 69 -96
30 70 -5
30 71 -32
30 72 40
30 73 -4
30 74 -18
30 75 83
30 76 -22
30 77 -1
30 78 13
30 79 64
30 80 59
30 81 -64
30 82 55
30 83 -55
30 84 -96
30 85 -60
30 86 11
30 87 -49
30 88 -5
30 89 -26
30 90 -22
30 91 87
30 92 -92
30 93 99
30 94 7
30 95 -70
30 96 40
30 97 33
30 98 -38
30 99 40
30 100 -5
31 1 61
31 2 -56
31 3 -88
31 4 -44
31 5 60
31 6 92
31 7 74
31 8 -64
31 9 51
31 10 -97
31 11 96
31 12 -89
31 13 -95
31 14 -5
31 15 99
31 16 26
31 17 58
31 18 -48
31 19 5
31 20 -26
31 21 61
31 22 97
31 23 26
31 24 19
31 25 -49
31 26 79
31 27 29
31 28 98
31 29 24
31 30 -42
31 31 72
31 32 52
31 33 48
31 34 65
31 35 -73
31 36 25
31 37 -85
31 38 -92
31 39 -80
31 40 -13
31 41 88
31 42 88
31 43 -44
31 44 -89
31 45 44
31 46 36
31 47 -25
31 48 -82
31 49 -75
31 50 -25
31 51 53
31 52 4
31 53 -57
31 54 -27
31 55 -74
31 56 62
31 57 49
31 58 67
31 59 -74
31 60 -28
31 61 -61
31 62 77
31 63 58
31 64 99
31 65 22
31 66 -10
31 67 -81
31 68 -82
31 69 41
31 70 -85
31 71 57
31 72 73
31 73 -67
31 74 1
31 75 59
31 76 -18
31 77 -80
31 78 61
31 79 -34
31 80 76
31 81 99
31 82 63
31 83 92
31 84 -86
31 85 -63
31 86 -88
31 87 80
31 88 -74
31 89 -86
31 90 -21
31 91 -90
31 92 25
31 93 -36
31 94 -45
31 95 30
31 96 -6
31 97 -19
31 98 -22
31 99 -95
31 100 26
32 1 -6
32 2 35
32 3 -65
32 4 5
32 5 -17
32 6 -34
32 7 21
32 8 -74
32 9 -59
32 10 38
32 11 -13
32 12 15
32 13 -3
32 14 -8
32 15 -79
32 16 1
32 17 -87
32 18 97
32 19 63
32 20 -61
32 21 -48
32 22 97
32 23 -36
32 24 4
32 25 0
32 26 -54
32 27 -25
32 28 86
32 29 -93
32 30 58
32 31 48
32 32 96
32 33 -30
32 34 40
32 35 -79
32 36 -75
32 37 -70
32 38 14
32 39 66
32 40 -56
32 41 -63
32 42 43
32 43 -81
32 44 -28
32 45 -4
32 46 30
32 47 21
32 48 71
32 49 -32
32 50 -16
32 51 51
32 52 29
32 53 79
32 54 -99
32 55 28
32 56 0
32 57 78
32 58 17
32 59 23
32 60 -30
32 61 43
32 62 -3
32 63 48
32 64 -2
32 65 7
32 66 88
32 67 -54
32 68 -59
32 69 -22
32 70 1
32 71 18
32 72 -70
32 73 -43
32 74 61
32 75 66
32 76 -99
32 77 42
32 78 71
32 79 15
32 80 48
32 81 -28
32 82 49
32 83 45
32 84 66
32 85 22
32 86 6
32 87 28
32 88 69
32 89 -9
32 90 -24
32 91 51
32 92 58
32 93 -63
32 94 74
32 95 -77
32 96 87
32 97 -28
32 98 79
32 99 64
32 100 19
33 1 -85
33 2 89
33 3 -5
33 4 -64
33 5 -69
33 6 -16
33 7 24
33 8 82
33 9 21
33 10 -3
33 11 61
33 12 52
33 13 2
33 14 87
33 15 -21
33 16 44
33 17 66
33 18 -29
33 19 33
33 20 45
33 21 -89
33 22 6
33 23 92
33 24 76
33 25 1
33 26 80
33 27 37
33 28 -15
33 29 48
33 30 -24
33 31 81
33 32 21
33 33 -76
33 34 1
33 35 59
33 36 -68
33 37 -68
33 38 98
33 39 -58
33 40 -27
33 41 98
33 42 -49
33 43 -71
33 44 -28
33 45 -81
33 46 -38
33 47 -55
33 48 98
33 49 48
33 50 -67
33 51 9
33 52 -66
33 53 -6
33 54 -18
33 55 71
33 56 4
33 57 -29
33 58 -16
33 59 -83
33 60 -29
33 61 66
33 62 70
33 63 6
33 64 -68
33 65 -30
33 66 -46
33 67 1
33 68 33
33 69 41
33 70 92
33 71 30
33 72 -46
33 73 -17
33 74 -36
33 75 51
33 76 -97
33 77 64
33 78 -40
33 79 -94
33 80 1
33 81 97
33 82 3
33 83 -88
33 84 0
33 85 -9
33 86 -74
33 87 5
33 88 -20
33 89 38
33 90 -78
33 91 3
33 92 -78
33 93 82
33 94 -19
33 95 -4
33 96 34
33 97 -85
33 98 61
33 99 -73
33 100 27
34 1 -85
34 2 67
34 3 54
34 4 66
34 5 -35
34 6 -12
34 7 94
34 8 44
34 9 -8
34 10 -60
34 11 -54
34 12 80
34 13 4
34 14 -67
34 15 99
34 16 -48
34 17 44
34 18 -28
34 19 -85
34 20 -2
34 21 22
34 22 34
34 23 42
34 24 52
34 25 37
34 26 56
34 27 35
34 28 54
34 29 75
34 30 -84
34 31 57
34 32 -13
34 33 -73
34 34 91
34 35 36
34 36 22
34 37 -91
34 38 -90
34 39 56
34 40 6
34 41 -84
34 42 40
34 43 -81
34 44 5
34 45 -16
34 46 -37
34 47 58
34 48 -1
34 49 -20
34 50 -47
34 51 90
34 52 69
34 53 30
34 54 28
34 55 -53
34 56 -9
34 57 84
34 58 -89
34 59 -6
34 60 63
34 61 35
34 62 15
34 63 20
34 64 -12
34 65 -30
34 66 36
34 67 -66
34 68 75
34 69 45
34 70 34
34 71 28
34 72 11
34 73 9
34 74 -80
34 75 15
34 76 -43
34 77 46
34 78 9
34 79 -15
34 80 58
34 81 -44
34 82 -95
34 83 56
34 84 -16
34 85 -52
34 86 77
34 87 -38
34 88 97
34 89 27
34 90 -100
34 91 -45
34 92 -19
34 93 91
34 94 -73
34 95 -10
34 96 37
34 97 -74
34 98 -34
34 99 47
34 100 0
35 1 -3
35 2 69
35 3 -47
35 4 -41
35 5 78
35 6 -22
35 7 67
35 8 24
35 9 27
35 10 -72
35 11 75
35 12 4
35 13 88
35 14 -93
35 15 -15
35 16 -54
35 17 -16
35 18 88
35 19 3
35 20 -42
35 21 92
35 22 96
35 23 -1
35 24 -95
35 25 94
35 26 8
35 27 -61
35 28 -54
35 29 82
35 30 61
35 31 2
35 32 46
35 33 95
35 34 -72
35 35 84
35 36 86
35 37 13
35 38 -87
35 39 -71
35 40 -34
35 41 -46
35 42 -70
35 43 89
35 44 -4
35 45 10
35 46 62
35 47 -10
35 48 -27
35 49 44
35 50 9
35 51 65
35 52 -11
35 53 86
35 54 96
35 55 -71
35 56 83
35 57 47
35 58 9
35 59 -50
35 60 -76
35 61 -94
35 62 0
35 63 36
35 64 39
35 65 -1
35 66 49
35 67 21
35 68 -47
35 69 -39
35 70 87
35 71 70
35 72 -54
35 73 -66
35 74 -79
35 75 -12
35 76 -85
35 77 -77
35 78 57
35 79 77
35 80 -97
35 81 -93
35 82 -45
35 83 57
35 84 69
35 85 22
35 86 -46
35 87 -44
35 88 97
35 89 -2
35 90 22
35 91 60
35 92 45
35 93 44
35 94 13
35 95 71
35 96 -3
35 97 14
35 98 -19
35 99 37
35 100 3
36 1 79
36 2 40
36 3 93
36 4 -96
36 5 32
36 6 5
36 7 15
36 8 6
36 9 29
36 10 -71
36 11 77
36 12 54
36 13 -53
36 14 73
36 15 -22
36 16 -3
36 17 77
36 18 -9
36 19 13
36 20 53
36 21 -77
36 22 59
36 23 5
36 24 33
36 25 7
36 26 87
36 27 -87
36 28 -94
36 29 30
36 30 26
36 31 56
36 32 72
36 33 -36
36 34 -33
36 35 -91
36 36 70
36 37 -46
36 38 -59
36 39 15
36 40 79
36 41 69
36 42 19
36 43 28
36 44 -14
36 45 -26
36 46 -81
36 47 -88
36 48 0
36 49 -8
36 50 32
36 51 -1
36 52 -5
36 53 -15
36 54 21
36 55 28
36 56 -23
36 57 -40
36 58 -48
36 59 -19
36 60 44
36 61 -37
36 62 58
36 63 -46
36 64 86
36 65 -39
36 66 62
36 67 41
36 68 -4
36 69 22
36 70 -30
36 71 -10
36 72 32
36 73 -86
36 74 57
36 75 68
36 76 -74
36 77 -20
36 78 -1
36 79 8
36 80 -60
36 81 -64
36 82 58
36 83 -59
36 84 87
36 85 51
36 86 -77
36 87 8
36 88 -15
36 89 -82
36 90 47
36 91 -20
36 92 36
36 93 -3
36 94 -89
36 95 -12
36 96 35
36 97 17
36 98 -84
36 99 -91
36 100 85
37 1 25
37 2 -32
37 3 33
37 4 -99
37 5 -79
37 6 -36
37 7 91
37 8 36
37 9 -91
37 10 51
37 11 9
37 12 -75
37 13 44
37 14 76
37 15 97
37 16 74
37 17 44
37 18 37
37 19 75
37 20 -32
37 21 39
37 22 99
37 23 -4
37 24 35
37 25 89
37 26 -55
37 27 19
37 28 84
37 29 -2
37 30 22
37 31 -32
37 32 -51
37 33 87
37 34 -57
37 35 45
37 36 -36
37 37 39
37 38 -63
37 39 59
37 40 -72
37 41 -76
37 42 -29
37 43 -74
37 44 -82
37 45 -15
37 46 -64
37 47 -16
37 48 -77
37 49 10
37 50 -43
37 51 -44
37 52 -9
37 53 -10
37 54 -7
37 55 -13
37 56 -3
37 57 -46
37 58 -20
37 59 -47
37 60 -28
37 61 -33
37 62 -86
37 63 -53
37 64 -98
37 65 52
37 66 1
37 67 26
37 68 92
37 69 7
37 70 -88
37 71 41
37 72 69
37 73 -96
37 74 78
37 75 -89
37 76 -6
37 77 60
37 78 31
37 79 77
37 80 -61
37 81 55
37 82 -80
37 83 -46
37 84 5
37 85 -45
37 86 -52
37 87 -96
37 88 30
37 89 -28
37 90 12
37 91 -23
37 92 -80
37 93 31
37 94 -98
37 95 87
37 96 60
37 97 -88
37 98 -52
37 99 82
37 100 98
38 1 30
38 2 -74
38 3 -76
38 4 18
38 5 -58
38 6 35
38 7 -32
38 8 35
38 9 -16
38 10 -52
38 11 87
38 12 96
38 13 38
38 14 -100
38 15 -26
38 16 88
38 17 -94
38 18 52
38 19 -93
38 20 -73
38 21 20
38 22 65
38 23 69
38 24 33
38 25 -54
38 26 67
38 27 -56
38 28 13
38 29 -99
38 30 -48
38 31 46
38 32 57
38 33 41
38 34 -58
38 35 81
38 36 35
38 37 91
38 38 33
38 39 -24
38 40 -16
38 41 9
38 42 6
38 43 9
38 44 -66
38 45 37
38 46 -66
38 47 87
38 48 51
38 49 -69
38 50 93
38 51 33
38 52 0
38 53 -84
38 54 47
38 55 40
38 56 -92
38 57 14
38 58 -75
38 59 -79
38 60 -68
38 61 35
38 62 65
38 63 -7
38 64 -21
38 65 -23
38 66 -72
38 67 -60
38 68 11
38 69 89
38 70 87
38 71 51
38 72 11
38 73 33
38 74 -8
38 75 42
38 76 46
38 77 73
38 78 54
38 79 -83
38 80 93
38 81 -90
38 82 64
38 83 -32
38 84 30
38 85 -22
38 86 -100
38 87 43
38 88 44
38 89 93
38 90 79
38 91 90
38 92 87
38 93 27
38 94 35
38 95 -11
38 96 -2
38 97 -40
38 98 -24
38 99 -32
38 100 -36
39 1 87
39 2 17
39 3 43
39 4 -82
39 5 27
39 6 43
39 7 -37
39 8 49
39 9 -15
39 10 -25
39 11 -49
39 12 65
39 13 68
39 14 30
39 15 15
39 16 -44
39 17 -83
39 18 88
39 19 78
39 20 -50
39 21 -47
39 22 54
39 23 96
39 24 31
39 25 -80
39 26 27
39 27 50
39 28 10
39 29 65
39 30 -39
39 31 76
39 32 31
39 33 15
39 34 -65
39 35 -50
39 36 -67
39 37 -65
39 38 -85
39 39 -36
39 40 42
39 41 -34
39 42 -24
39 43 -75
39 44 65
39 45 61
39 46 21
39 47 24
39 48 -20
39 49 -49
39 50 80
39 51 -2
39 52 12
39 53 67
39 54 27
39 55 -81
39 56 -63
39 57 11
39 58 -78
39 59 23
39 60 11
39 61 -56
39 62 72
39 63 -94
39 64 -38
39 65 9
39 66 -37
39 67 -65
39 68 -97
39 69 98
39 70 71
39 71 1
39 72 -95
39 73 -20
39 74 -81
39 75 7
39 76 -4
39 77 25
39 78 -77
39 79 97
39 80 54
39 81 22
39 82 51
39 83 69
39 84 -88
39 85 -100
39 86 83
39 87 16
39 88 5
39 89 6
39 90 -49
39 91 54
39 92 -94
39 93 -75
39 94 -7
39 95 -16
39 96 -3
39 97 -22
39 98 -64
39 99 -17
39 100 77
40 1 88
40 2 16
40 3 33
40 4 40
40 5 -10
40 6 46
40 7 -11
40 8 -47
40 9 39
40 10 91
40 11 7
40 12 -79
40 13 92
40 14 79
40 15 -61
40 16 -70
40 17 -66
40 18 -1
40 19 -81
40 20 -53
40 21 25
40 22 92
40 23 -53
40 24 -39
40 25 13
40 26 76
40 27 63
40 28 -99
40 29 68
40 30 -34
40 31 30
40 32 34
40 33 60
40 34 40
40 35 -89
40 36 -89
40 37 -82
40 38 62
40 39 -30
40 40 -44
40 41 -98
40 42 22
40 43 18
40 44 -25
40 45 0
40 46 -30
40 47 -31
40 48 81
40 49 83
40 50 18
40 51 6
40 52 -47
40 53 -42
40 54 -23
40 55 40
40 56 18
40 57 50
40 58 37
40 59 26
40 60 99
40 61 -35
40 62 -70
40 63 -23
40 64 -24
40 65 21
40 66 -40
40 67 61
40 68 -35
40 69 38
40 70 68
40 71 39
40 72 95
40 73 -1
40 74 -56
40 75 -40
40 76 -10
40 77 -85
40 78 66
40 79 81
40 80 -9
40 81 -84
40 82 -38
40 83 75
40 84 33
40 85 -83
40 86 -60
40 87 -23
40 88 70
40 89 59
40 90 94
40 91 27
40 92 61
40 93 -79
40 94 60
40 95 -92
40 96 -64
40 97 -15
40 98 -80
40 99 17
40 100 17
41 1 12
41 2 7
41 3 37
41 4 -52
41 5 67
41 6 -43
41 7 -23
41 8 89
41 9 79
41 10 -49
41 11 -1
41 12 -84
41 13 56
41 14 -9
41 15 -10
41 16 -35
41 17 25
41 18 -75
41 19 90
41 20 -8
41 21 -3
41 22 18
41 23 -13
41 24 -22
41 25 -24
41 26 -1
41 27 -80
41 28 34
41 29 -86
41 30 -15
41 31 -58
41 32 -40
41 33 -96
41 34 -96
41 35 51
41 36 38
41 37 2
41 38 -50
41 39 38
41 40 -73
41 41 7
41 42 73
41 43 53
41 44 -98
41 45 -84
41 46 64
41 47 17
41 48 -79
41 49 -6
41 50 -72
41 51 61
41 52 63
41 53 52
41 54 -33
41 55 20
41 56 -87
41 57 7
41 58 -78
41 59 49
41 60 5
41 61 76
41 62 -52
41 63 28
41 64 -39
41 65 -32
41 66 22
41 67 79
41 68 63
41 69 60
41 70 -13
41 71 -89
41 72 -58
41 73 -7
41 74 63
41 75 41
41 76 14
41 77 -68
41 78 -25
41 79 -15
41 80 90
41 81 33
41 82 -31
41 83 17
41 84 -12
41 85 -71
41 86 91
41 87 84
41 88 78
41 89 -4
41 90 -28
41 91 48
41 92 24
41 93 -61
41 94 -55
41 95 -77
41 96 5
41 97 -35
41 98 26
41 99 53
41 100 44
42 1 66
42 2 -100
42 3 89
42 4 -95
42 5 82
42 6 -24
42 7 8
42 8 54
42 9 64
42 10 72
42 11 -2
42 12 -7
42 13 -46
42 14 89
42 15 68
42 16 -62
42 17 74
42 18 22
42 19 44
42 20 23
42 21 -44
42 22 43
42 23 -44
42 24 -87
42 25 -16
42 26 36
42 27 -51
42 28 -71
42 29 -11
42 30 -8
42 31 54
42 32 40
42 33 37
42 34 -99
42 35 26
42 36 28
42 37 82
42 38 -83
42 39 -50
42 40 -95
42 41 -23
42 42 27
42 43 41
42 44 8
42 45 -4
42 46 -14
42 47 45
42 48 -12
42 49 87
42 50 -13
42 51 -88
42 52 -2
42 53 -69
42 54 10
42 55 -56
42 56 -57
42 57 -22
42 58 -15
42 59 28
42 60 98
42 61 -70
42 62 -78
42 63 3
42 64 -42
42 65 59
42 66 -35
42 67 34
42 68 -39
42 69 26
42 70 23
42 71 -56
42 72 -54
42 73 4
42 74 50
42 75 -40
42 76 22
42 77 83
42 78 67
42 79 94
42 80 -40
42 81 -89
42 82 -87
42 83 -88
42 84 -17
42 85 -93
42 86 35
42 87 96
42 88 -1
42 89 -61
42 90 -46
42 91 -58
42 92 57
42 93 45
42 94 36
42 95 36
42 96 76
42 97 -67
42 98 -23
42 99 62
42 100 54
43 1 -63
43 2 54
43 3 70
43 4 25
43 5 24
43 6 83
43 7 -71
43 8 -89
43 9 67
43 10 40
43 11 -93
43 12 -79
43 13 -82
43 14 -8
43 15 9
43 16 97
43 17 65
43 18 -60
43 19 -19
43 20 -32
43 21 50
43 22 81
43 23 30
43 24 75
43 25 -79
43 26 11
43 27 10
43 28 62
43 29 -92
43 30 1
43 31 95
43 32 -28
43 33 60
43 34 -61
43 35 0
43 36 -54
43 37 88
43 38 -32
43 39 12
43 40 23
43 41 2
43 42 11
43 43 16
43 44 94
43 45 -61
43 46 26
43 47 63
43 48 26
43 49 -43
43 50 40
43 51 -95
43 52 -43
43 53 -6
43 54 75
43 55 -36
43 56 -80
43 57 85
43 58 -30
43 59 98
43 60 -64
43 61 -24
43 62 82
43 63 60
43 64 -23
43 65 -90
43 66 -26
43 67 -2
43 68 30
43 69 -93
43 70 94
43 71 -100
43 72 -45
43 73 50
43 74 79
43 75 -4
43 76 -82
43 77 -4
43 78 17
43 79 80
43 80 -85
43 81 -55
43 82 -3
43 83 -35
43 84 34
43 85 33
43 86 60
43 87 -10
43 88 33
43 89 80
43 90 74
43 91 -32
43 92 -6
43 93 13
43 94 27
43 95 10
43 96 -1
43 97 -24
43 98 51
43 99 -78
43 100 -65
44 1 -92
44 2 -78
44 3 -88
44 4 -96
44 5 50
44 6 -42
44 7 35
44 8 -4
44 9 82
44 10 -70
44 11 -63
44 12 -96
44 13 -99
44 14 68
44 15 -47
44 16 -78
44 17 75
44 18 -16
44 19 -8
44 20 49
44 21 -49
44 22 81
44 23 -4
44 24 -27
44 25 -54
44 26 93
44 27 81
44 28 -33
44 29 38
44 30 -49
44 31 -3
44 32 -82
44 33 91
44 34 46
44 35 34
44 36 84
44 37 97
44 38 -90
44 39 -92
44 40 -43
44 41 16
44 42 -11
44 43 -99
44 44 -10
44 45 48
44 46 58
44 47 80
44 48 -78
44 49 72
44 50 -35
44 51 27
44 52 -32
44 53 -42
44 54 23
44 55 12
44 56 -18
44 57 51
44 58 -50
44 59 -76
44 60 53
44 61 -61
44 62 -85
44 63 -14
44 64 -20
44 65 87
44 66 -84
44 67 10
44 68 -36
44 69 -15
44 70 7
44 71 59
44 72 81
44 73 69
44 74 -45
44 75 -34
44 76 -56
44 77 -71
44 78 82
44 79 -61
44 80 -59
44 81 54
44 82 -47
44 83 -52
44 84 -28
44 85 -18
44 86 -66
44 87 -28
44 88 26
44 89 -51
44 90 -100
44 91 -93
44 92 26
44 93 -72
44 94 11
44 95 17
44 96 16
44 97 10
44 98 3
44 99 -28
44 100 52
45 1 73
45 2 67
45 3 -76
45 4 73
45 5 57
45 6 5
45 7 -92
45 8 77
45 9 85
45 10 36
45 11 -87
45 12 -99
45 13 27
45 14 -95
45 15 -15
45 16 -95
45 17 14
45 18 -70
45 19 19
45 20 21
45 21 -74
45 22 -55
45 23 -18
45 24 56
45 25 -13
45 26 23
45 27 -64
45 28 38
45 29 -48
45 30 -59
45 31 -75
45 32 -77
45 33 77
45 34 -7
45 35 18
45 36 -36
45 37 42
45 38 5
45 39 15
45 40 15
45 41 -32
45 42 -10
45 43 -1
45 44 -9
45 45 -47
45 46 -81
45 47 8
45 48 -5
45 49 73
45 50 43
45 51 -76
45 52 -79
45 53 -55
45 54 -27
45 55 -69
45 56 -73
45 57 3
45 58 -89
45 59 99
45 60 20
45 61 1
45 62 13
45 63 -8
45 64 -100
45 65 -67
45 66 59
45 67 -23
45 68 11
45 69 -2
45 70 -77
45 71 14
45 72 2
45 73 42
45 74 34
45 75 24
45 76 95
45 77 -73
45 78 -3
45 79 -74
45 80 83
45 81 -10
45 82 29
45 83 19
45 84 25
45 85 56
45 86 76
45 87 -78
45 88 46
45 89 -48
45 90 71
45 91 -27
45 92 36
45 93 25
45 94 -9
45 95 -76
45 96 -58
45 97 9
45 98 74
45 99 -38
45 100 -21
46 1 68
46 2 -52
46 3 88
46 4 -44
46 5 -61
46 6 42
46 7 76
46 8 1
46 9 -45
46 10 -7
46 11 25
46 12 -42
46 13 -61
46 14 41
46 15 36
46 16 -44
46 17 -72
46 18 8
46 19 77
46 20 -19
46 21 90
46 22 10
46 23 32
46 24 -56
46 25 -34
46 26 36
46 27 -89
46 28 -63
46 29 50
46 30 79
46 31 87
46 32 -15
46 33 -91
46 34 49
46 35 83
46 36 52
46 37 -39
46 38 -56
46 39 27
46 40 -3
46 41 -50
46 42 55
46 43 2
46 44 -64
46 45 -65
46 46 -97
46 47 -86
46 48 -38
46 49 71
46 50 59
46 51 49
46 52 -70
46 53 87
46 54 48
46 55 13
46 56 -97
46 57 83
46 58 41
46 59 49
46 60 43
46 61 -95
46 62 -16
46 63 49
46 64 -17
46 65 77
46 66 5
46 67 -60
46 68 -95
46 69 70
46 70 -27
46 71 72
46 72 -45
46 73 49
46 74 11
46 75 -37
46 76 -48
46 77 30
46 78 38
46 79 56
46 80 38
46 81 -72
46 82 53
46 83 -15
46 84 80
46 85 94
46 86 61
46 87 46
46 88 -90
46 89 90
46 90 51
46 91 -89
46 92 44
46 93 52
46 94 93
46 95 60
46 96 94
46 97 -35
46 98 68
46 99 39
46 100 -26
47 1 -9
47 2 69
47 3 -91
47 4 -77
47 5 -98
47 6 6
47 7 -94
47 8 -23
47 9 -74
47 10 -48
47 11 94
47 12 -32
47 13 33
47 14 -15
47 15 -45
47 16 51
47 17 31
47 18 14
47 19 -20
47 20 38
47 21 42
47 22 -61
47 23 17
47 24 -94
47 25 -40
47 26 36
47 27 -39
47 28 -80
47 29 -31
47 30 -89
47 31 -98
47 32 -55
47 33 38
47 34 -79
47 35 53
47 36 -16
47 37 -32
47 38 46
47 39 32
47 40 57
47 41 -92
47 42 -66
47 43 60
47 44 10
47 45 48
47 46 84
47 47 59
47 48 -64
47 49 68
47 50 -91
47 51 69
47 52 -78
47 53 9
47 54 -73
47 55 -71
47 56 -95
47 57 -73
47 58 -8
47 59 -96
47 60 28
47 61 28
47 62 31
47 63 69
47 64 14
47 65 -84
47 66 -84
47 67 82
47 68 -93
47 69 -25
47 70 -41
47 71 -73
47 72 -9
47 73 25
47 74 95
47 75 43
47 76 -33
47 77 -24
47 78 9
47 79 -64
47 80 -54
47 81 26
47 82 63
47 83 59
47 84 -30
47 85 -83
47 86 -91
47 87 82
47 88 -61
47 89 8
47 90 48
47 91 -65
47 92 -59
47 93 93
47 94 23
47 95 58
47 96 59
47 97 -82
47 98 58
47 99 -85
47 100 -38
48 1 51
48 2 96
48 3 -14
48 4 95
48 5 2
48 6 -28
48 7 29
48 8 25
48 9 79
48 10 -40
48 11 -82
48 12 23
48 13 -22
48 14 -100
48 15 -80
48 16 -37
48 17 11
48 18 -3
48 19 4
48 20 -26
48 21 -43
48 22 53
48 23 80
48 24 -90
48 25 -79
48 26 -60
48 27 93
48 28 97
48 29 -4
48 30 -88
48 31 -5
48 32 22
48 33 44
48 34 -43
48 35 -62
48 36 7
48 37 16
48 38 -19
48 39 -98
48 40 90
48 41 -38
48 42 -56
48 43 -62
48 44 -86
48 45 84
48 46 -84
48 47 87
48 48 86
48 49 81
48 50 -66
48 51 -68
48 52 -1
48 53 -66
48 54 -5
48 55 -72
48 56 20
48 57 -10
48 58 79
48 59 -27
48 60 98
48 61 73
48 62 -17
48 63 18
48 64 83
48 65 93
48 66 -67
48 67 70
48 68 -86
48 69 76
48 70 -32
48 71 32
48 72 15
48 73 1
48 74 59
48 75 46
48 76 70
48 77 60
48 78 -93
48 79 44
48 80 91
48 81 -55
48 82 94
48 83 -85
48 84 -81
48 85 -1
48 86 -41
48 87 27
48 88 -39
48 89 -23
48 90 60
48 91 7
48 92 49
48 93 49
48 94 -89
48 95 84
48 96 -81
48 97 92
48 98 -61
48 99 -51
48 100 -70
49 1 95
49 2 34
49 3 8
49 4 -6
49 5 -37
49 6 49
49 7 10
49 8 -89
49 9 65
49 10 53
49 11 34
49 12 72
49 13 -24
49 14 -44
49 15 45
49 16 22
49 17 68
49 18 83
49 19 95
49 20 74
49 21 -31
49 22 48
49 23 -16
49 24 -41
49 25 40
49 26 11
49 27 -71
49 28 26
49 29 -37
49 30 -80
49 31 -76
49 32 55
49 33 -41
49 34 -14
49 35 7
49 36 93
49 37 -43
49 38 62
49 39 68
49 40 -99
49 41 -87
49 42 -94
49 43 73
49 44 -11
49 45 -29
49 46 -17
49 47 11
49 48 42
49 49 47
49 50 5
49 51 -58
49 52 34
49 53 0
49 54 93
49 55 -19
49 56 43
49 57 -49
49 58 -97
49 59 23
49 60 3
49 61 17
49 62 21
49 63 64
49 64 15
49 65 -56
49 66 -9
49 67 -74
49 68 -5
49 69 54
49 70 8
49 71 -45
49 72 -85
49 73 51
49 74 94
49 75 16
49 76 -27
49 77 -34
49 78 -57
49 79 -3
49 80 85
49 81 -68
49 82 65
49 83 -13
49 84 -34
49 85 -67
49 86 -12
49 87 90
49 88 3
49 89 70
49 90 65
49 91 -50
49 92 5
49 93 -9
49 94 -69
49 95 75
49 96 74
49 97 17
49 98 -54
49 99 -56
49 100 -28
50 1 42
50 2 41
50 3 94
50 4 6
50 5 -47
50 6 -67
50 7 84
50 8 -67
50 9 66
50 10 -91
50 11 22
50 12 -76
50 13 8
50 14 -84
50 15 -64
50 16 27
50 17 38
50 18 -73
50 19 -18
50 20 -67
50 21 -92
50 22 -51
50 23 -36
50 24 78
50 25 55
50 26 70
50 27 -19
50 28 -54
50 29 15
50 30 -41
50 31 -14
50 32 -7
50 33 -34
50 34 45
50 35 97
50 36 53
50 37 53
50 38 -37
50 39 60
50 40 -85
50 41 41
50 42 31
50 43 47
50 44 -32
50 45 -69
50 46 5
50 47 63
50 48 -51
50 49 49
50 50 -80
50 51 58
50 52 98
50 53 -19
50 54 -22
50 55 93
50 56 25
50 57 13
50 58 -27
50 59 96
50 60 -49
50 61 23
50 62 -48
50 63 2
50 64 -16
50 65 83
50 66 98
50 67 36
50 68 -50
50 69 74
50 70 10
50 71 2
50 72 33
50 73 49
50 74 34
50 75 -62
50 76 -76
50 77 -28
50 78 78
50 79 -37
50 80 60
50 81 -60
50 82 56
50 83 -36
50 84 -99
50 85 -21
50 86 81
50 87 2
50 88 -17
50 89 8
50 90 -21
50 91 -54
50 92 60
50 93 -11
50 94 30
50 95 -85
50 96 11
50 97 48
50 98 -84
50 99 -51
50 100 64
51 1 22
51 2 83
51 3 83
51 4 28
51 5 74
51 6 -9
51 7 -51
51 8 0
51 9 -73
51 10 -83
51 11 23
51 12 -64
51 13 19
51 14 -50
51 15 77
51 16 49
51 17 37
51 18 -38
51 19 -44
51 20 10
51 21 -98
51 22 88
51 23 -100
51 24 -65
51 25 -68
51 26 -2
51 27 21
51 28 -20
51 29 -32
51 30 83
51 31 -15
51 32 -93
51 33 -35
51 34 31
51 35 77
51 36 -76
51 37 -63
51 38 28
51 39 -79
51 40 -87
51 41 77
51 42 32
51 43 26
51 44 58
51 45 46
51 46 -66
51 47 48
51 48 60
51 49 -5
51 50 -81
51 51 81
51 52 -91
51 53 -68
51 54 -50
51 55 -25
51 56 85
51 57 82
51 58 -79
51 59 26
51 60 -7
51 61 -8
51 62 -36
51 63 97
51 64 -6
51 65 -47
51 66 24
51 67 17
51 68 2
51 69 70
51 70 46
51 71 40
51 72 14
51 73 83
51 74 1
51 75 -43
51 76 11
51 77 -91
51 78 1
51 79 -27
51 80 -1
51 81 -45
51 82 25
51 83 56
51 84 -27
51 85 69
51 86 39
51 87 32
51 88 -31
51 89 -47
51 90 -73
51 91 49
51 92 -14
51 93 63
51 94 18
51 95 -63
51 96 -21
51 97 48
51 98 5
51 99 15
51 100 -36
52 1 -18
52 2 44
52 3 73
52 4 81
52 5 -36
52 6 -63
52 7 -1
52 8 -61
52 9 -15
52 10 64
52 11 5
52 12 39
52 13 -99
52 14 6
52 15 47
52 16 -85
52 17 40
52 18 -71
52 19 4
52 20 -19
52 21 91
52 22 -93
52 23 14
52 24 59
52 25 -4
52 26 99
52 27 -55
52 28 -17
52 29 90
52 30 95
52 31 94
52 32 17
52 33 -95
52 34 33
52 35 -74
52 36 -57
52 37 -1
52 38 16
52 39 -63
52 40 -5
52 41 -62
52 42 -15
52 43 -54
52 44 18
52 45 23
52 46 71
52 47 -93
52 48 -71
52 49 40
52 50 75
52 51 -69
52 52 -44
52 53 93
52 54 7
52 55 16
52 56 -71
52 57 -46
52 58 -61
52 59 -8
52 60 26
52 61 -16
52 62 -36
52 63 -15
52 64 -84
52 65 -22
52 66 1
52 67 -55
52 68 -17
52 69 -66
52 70 -99
52 71 -94
52 72 -44
52 73 51
52 74 10
52 75 56
52 76 43
52 77 72
52 78 -20
52 79 28
52 80 -25
52 81 -36
52 82 4
52 83 2
52 84 -55
52 85 35
52 86 -22
52 87 7
52 88 31
52 89 -32
52 90 35
52 91 -48
52 92 -69
52 93 42
52 94 -94
52 95 25
52 96 84
52 97 -48
52 98 31
52 99 78
52 100 9
53 1 49
53 2 -1
53 3 57
53 4 79
53 5 -79
53 6 83
53 7 34
53 8 -22
53 9 87
53 10 -17
53 11 -85
53 12 75
53 13 51
53 14 89
53 15 77
53 16 23
53 17 57
53 18 99
53 19 43
53 20 78
53 21 -84
53 22 -36
53 23 84
53 24 83
53 25 -58
53 26 -89
53 27 29
53 28 1
53 29 -70
53 30 -24
53 31 70
53 32 -16
53 33 -31
53 34 -52
53 35 -24
53 36 38
53 37 91
53 38 -72
53 39 -17
53 40 -100
53 41 -5
53 42 -64
53 43 69
53 44 -72
53 45 65
53 46 -27
53 47 20
53 48 -97
53 49 -40
53 50 -73
53 51 -82
53 52 -88
53 53 -6
53 54 -98
53 55 -62
53 56 -48
53 57 -71
53 58 10
53 59 -50
53 60 94
53 61 69
53 62 68
53 63 20
53 64 85
53 65 -14
53 66 -70
53 67 -40
53 68 -93
53 69 -18
53 70 12
53 71 -84
53 72 89
53 73 31
53 74 -60
53 75 -13
53 76 -54
53 77 44
53 78 11
53 79 1
53 80 -32
53 81 29
53 82 58
53 83 63
53 84 -22
53 85 99
53 86 65
53 87 33
53 88 -11
53 89 4
53 90 -67
53 91 57
53 92 53
53 93 -26
53 94 -97
53 95 12
53 96 -3
53 97 82
53 98 -59
53 99 -48
53 100 -44
54 1 -22
54 2 26
54 3 94
54 4 -82
54 5 -16
54 6 49
54 7 18
54 8 75
54 9 -71
54 10 -75
54 11 -98
54 12 -36
54 13 -24
54 14 -87
54 15 -37
54 16 21
54 17 72
54 18 -22
54 19 76
54 20 -41
54 21 -34
54 22 38
54 23 78
54 24 62
54 25 -49
54 26 89
54 27 -68
54 28 -77
54 29 56
54 30 69
54 31 -37
54 32 -74
54 33 53
54 34 53
54 35 -60
54 36 54
54 37 62
54 38 -57
54 39 45
54 40 -82
54 41 75
54 42 -23
54 43 75
54 44 68
54 45 -98
54 46 -64
54 47 -7
54 48 -76
54 49 49
54 50 -91
54 51 59
54 52 -95
54 53 73
54 54 93
54 55 -66
54 56 -78
54 57 99
54 58 -28
54 59 25
54 60 -57
54 61 -7
54 62 71
54 63 83
54 64 -53
54 65 18
54 66 -35
54 67 -73
54 68 2
54 69 -6
54 70 14
54 71 37
54 72 54
54 73 -15
54 74 -67
54 75 -38
54 76 53
54 77 16
54 78 63
54 79 -82
54 80 -40
54 81 -65
54 82 -14
54 83 -37
54 84 2
54 85 -61
54 86 -69
54 87 -57
54 88 -60
54 89 55
54 90 -58
54 91 -4
54 92 -40
54 93 19
54 94 -98
54 95 -76
54 96 17
54 97 93
54 98 9
54 99 50
54 100 -40
55 1 -93
55 2 81
55 3 -15
55 4 10
55 5 -100
55 6 -32
55 7 45
55 8 -31
55 9 12
55 10 -87
55 11 25
55 12 -42
55 13 -55
55 14 -87
55 15 -27
55 16 -36
55 17 33
55 18 -90
55 19 70
55 20 75
55 21 26
55 22 11
55 23 36
55 24 -1
55 25 44
55 26 -77
55 27 -3
55 28 41
55 29 62
55 30 -78
55 31 96
55 32 -61
55 33 50
55 34 -9
55 35 72
55 36 -62
55 37 -32
55 38 97
55 39 -8
55 40 42
55 41 -46
55 42 -2
55 43 95
55 44 -42
55 45 72
55 46 -2
55 47 38
55 48 -71
55 49 7
55 50 28
55 51 93
55 52 10
55 53 32
55 54 61
55 55 -79
55 56 8
55 57 -57
55 58 -54
55 59 89
55 60 -55
55 61 -41
55 62 -14
55 63 -2
55 64 -98
55 65 -100
55 66 99
55 67 -9
55 68 72
55 69 62
55 70 -32
55 71 32
55 72 -30
55 73 49
55 74 -98
55 75 76
55 76 99
55 77 13
55 78 -10
55 79 -41
55 80 -95
55 81 -8
55 82 -44
55 83 -13
55 84 24
55 85 63
55 86 90
55 87 -100
55 88 70
55 89 69
55 90 38
55 91 -27
55 92 -35
55 93 0
55 94 31
55 95 94
55 96 98
55 97 86
55 98 52
55 99 -58
55 100 -14
56 1 -70
56 2 -37
56 3 -35
56 4 -86
56 5 -11
56 6 98
56 7 60
56 8 19
56 9 -37
56 10 -62
56 11 -13
56 12 98
56 13 21
56 14 21
56 15 -36
56 16 98
56 17 -51
56 18 96
56 19 -12
56 20 20
56 21 -14
56 22 -47
56 23 13
56 24 -85
56 25 47
56 26 30
56 27 66
56 28 28
56 29 -4
56 30 -20
56 31 32
56 32 -65
56 33 -90
56 34 -39
56 35 -28
56 36 13
56 37 -2
56 38 -14
56 39 70
56 40 14
56 41 30
56 42 32
56 43 99
56 44 16
56 45 -26
56 46 -22
56 47 -98
56 48 16
56 49 29
56 50 12
56 51 8
56 52 18
56 53 29
56 54 20
56 55 -63
56 56 -27
56 57 80
56 58 34
56 59 -96
56 60 -22
56 61 -84
56 62 -12
56 63 71
56 64 -42
56 65 52
56 66 -36
56 67 -14
56 68 11
56 69 -58
56 70 11
56 71 51
56 72 24
56 73 -52
56 74 -66
56 75 95
56 76 -96
56 77 -30
56 78 14
56 79 85
56 80 3
56 81 -28
56 82 4
56 83 -63
56 84 -21
56 85 -55
56 86 -54
56 87 -71
56 88 90
56 89 55
56 90 28
56 91 72
56 92 -43
56 93 -97
56 94 7
56 95 -83
56 96 -63
56 97 -85
56 98 -94
56 99 30
56 100 14
57 1 -67
57 2 -83
57 3 -91
57 4 14
57 5 -73
57 6 -5
57 7 85
57 8 -60
57 9 62
57 10 -10
57 11 3
57 12 -66
57 13 -92
57 14 -1
57 15 -29
57 16 -10
57 17 89
57 18 39
57 19 18
57 20 -63
57 21 -55
57 22 64
57 23 -82
57 24 -28
57 25 -50
57 26 79
57 27 24
57 28 -84
57 29 -59
57 30 -94
57 31 -82
57 32 -79
57 33 39
57 34 80
57 35 85
57 36 10
57 37 -35
57 38 -30
57 39 -3
57 40 3
57 41 -99
57 42 -58
57 43 -28
57 44 57
57 45 -73
57 46 -26
57 47 80
57 48 11
57 49 19
57 50 42
57 51 13
57 52 74
57 53 58
57 54 77
57 55 -24
57 56 24
57 57 -100
57 58 31
57 59 25
57 60 -45
57 61 -8
57 62 45
57 63 -95
57 64 -69
57 65 -99
57 66 59
57 67 76
57 68 64
57 69 97
57 70 -97
57 71 -3
57 72 -28
57 73 -89
57 74 -92
57 75 -53
57 76 -42
57 77 65
57 78 -18
57 79 26
57 80 46
57 81 38
57 82 -30
57 83 92
57 84 -10
57 85 -3
57 86 -29
57 87 -53
57 88 49
57 89 91
57 90 19
57 91 21
57 92 24
57 93 -53
57 94 34
57 95 61
57 96 -14
57 97 -11
57 98 28
57 99 11
57 100 -83
58 1 -42
58 2 -68
58 3 -1
58 4 -46
58 5 19
58 6 7
58 7 -30
58 8 28
58 9 78
58 10 48
58 11 -30
58 12 97
58 13 -84
58 14 -66
58 15 64
58 16 -66
58 17 71
58 18 37
58 19 71
58 20 26
58 21 60
58 22 -48
58 23 28
58 24 -2
58 25 -75
58 26 73
58 27 -92
58 28 -48
58 29 -18
58 30 72
58 31 -71
58 32 19
58 33 76
58 34 -71
58 35 -69
58 36 -100
58 37 -5
58 38 95
58 39 -73
58 40 -43
58 41 95
58 42 44
58 43 -53
58 44 -23
58 45 63
58 46 81
58 47 -72
58 48 -60
58 49 60
58 50 -68
58 51 50
58 52 29
58 53 -51
58 54 25
58 55 13
58 56 67
58 57 -73
58 58 -11
58 59 -52
58 60 61
58 61 -56
58 62 65
58 63 -31
58 64 -68
58 65 31
58 66 79
58 67 -21
58 68 41
58 69 34
58 70 34
58 71 -50
58 72 -56
58 73 -47
58 74 25
58 75 -54
58 76 -48
58 77 -6
58 78 -23
58 79 10
58 80 -13
58 81 -21
58 82 -81
58 83 4
58 84 63
58 85 45
58 86 -75
58 87 53
58 88 92
58 89 82
58 90 67
58 91 -17
58 92 83
58 93 -100
58 94 93
58 95 29
58 96 -69
58 97 11
58 98 -11
58 99 -60
58 100 18
59 1 -25
59 2 15
59 3 25
59 4 20
59 5 -68
59 6 -64
59 7 -47
59 8 16
59 9 63
59 10 -1
59 11 39
59 12 -52
59 13 -22
59 14 20
59 15 15
59 16 -72
59 17 -24
59 18 25
59 19 -31
59 20 -48
59 21 2
59 22 -41
59 23 85
59 24 90
59 25 -57
59 26 15
59 27 -58
59 28 12
59 29 86
59 30 3
59 31 -91
59 32 -49
59 33 -5
59 34 66
59 35 31
59 36 78
59 37 -78
59 38 -60
59 39 -32
59 40 25
59 41 2
59 42 -51
59 43 -44
59 44 -91
59 45 59
59 46 56
59 47 -56
59 48 -29
59 49 -75
59 50 -81
59 51 -3
59 52 85
59 53 -83
59 54 32
59 55 -54
59 56 -94
59 57 -42
59 58 14
59 59 -98
59 60 -7
59 61 85
59 62 -43
59 63 19
59 64 28
59 65 55
59 66 -79
59 67 -43
59 68 -12
59 69 -38
59 70 -80
59 71 5
59 72 20
59 73 35
59 74 63
59 75 -12
59 76 -70
59 77 -69
59 78 48
59 79 -28
59 80 -36
59 81 -78
59 82 -92
59 83 83
59 84 80
59 85 59
59 86 96
59 87 -39
59 88 -90
59 89 -51
59 90 -46
59 91 80
59 92 46
59 93 46
59 94 46
59 95 -77
59 96 -19
59 97 -75
59 98 -27
59 99 89
59 100 -38
60 1 -58
60 2 0
60 3 1
60 4 26
60 5 -69
60 6 -55
60 7 -29
60 8 -89
60 9 7
60 10 -89
60 11 -66
60 12 -12
60 13 10
60 14 -17
60 15 4
60 16 97
60 17 39
60 18 80
60 19 -97
60 20 34
60 21 -89
60 22 99
60 23 -83
60 24 -47
60 25 63
60 26 -81
60 27 49
60 28 -20
60 29 38
60 30 -39
60 31 9
60 32 -49
60 33 -61
60 34 79
60 35 1
60 36 10
60 37 -45
60 38 -98
60 39 -22
60 40 -99
60 41 -16
60 42 15
60 43 8
60 44 -61
60 45 2
60 46 -7
60 47 -21
60 48 94
60 49 -97
60 50 -71
60 51 -67
60 52 -78
60 53 -21
60 54 -53
60 55 -73
60 56 -47
60 57 -37
60 58 26
60 59 -10
60 60 23
60 61 -68
60 62 91
60 63 87
60 64 -52
60 65 -58
60 66 3
60 67 -58
60 68 61
60 69 98
60 70 20
60 71 83
60 72 -48
60 73 -73
60 74 -71
60 75 2
60 76 -53
60 77 43
60 78 88
60 79 -81
60 80 78
60 81 67
60 82 -61
60 83 -25
60 84 -24
60 85 28
60 86 -91
60 87 -16
60 88 -46
60 89 20
60 90 60
60 91 -75
60 92 36
60 93 73
60 94 64
60 95 97
60 96 -42
60 97 -51
60 98 -4
60 99 -19
60 100 17
61 1 -14
61 2 -33
61 3 35
61 4 -57
61 5 -90
61 6 -70
61 7 -99
61 8 33
61 9 -55
61 10 -34
61 11 -14
61 12 -30
61 13 -42
61 14 27
61 15 7
61 16 -100
61 17 -68
61 18 -33
61 19 82
61 20 97
61 21 -6
61 22 91
61 23 -90
61 24 13
61 25 73
61 26 26
61 27 73
61 28 90
61 29 -85
61 30 80
61 31 79
61 32 -24
61 33 -1
61 34 97
61 35 66
61 36 -79
61 37 -94
61 38 15
61 39 -36
61 40 -74
61 41 58
61 42 -9
61 43 -80
61 44 6
61 45 -24
61 46 -90
61 47 -83
61 48 50
61 49 63
61 50 9
61 51 9
61 52 -59
61 53 97
61 54 -56
61 55 47
61 56 -26
61 57 -56
61 58 -28
61 59 95
61 60 -40
61 61 24
61 62 -24
61 63 34
61 64 20
61 65 91
61 66 -70
61 67 -38
61 68 -82
61 69 -77
61 70 5
61 71 24
61 72 65
61 73 59
61 74 -51
61 75 -13
61 76 4
61 77 -40
61 78 -79
61 79 -13
61 80 48
61 81 30
61 82 11
61 83 26
61 84 -99
61 85 -28
61 86 6
61 87 21
61 88 69
61 89 -93
61 90 39
61 91 9
61 92 -40
61 93 -29
61 94 74
61 95 80
61 96 27
61 97 -76
61 98 -10
61 99 -74
61 100 -24
62 1 -26
62 2 3
62 3 3
62 4 47
62 5 -52
62 6 -33
62 7 -84
62 8 -91
62 9 17
62 10 -90
62 11 97
62 12 -98
62 13 0
62 14 -32
62 15 -93
62 16 -44
62 17 1
62 18 -28
62 19 -99
62 20 17
62 21 45
62 22 -95
62 23 27
62 24 47
62 25 73
62 26 78
62 27 84
62 28 -52
62 29 -61
62 30 40
62 31 18
62 32 -26
62 33 36
62 34 22
62 35 -4
62 36 89
62 37 -86
62 38 74
62 39 -64
62 40 36
62 41 33
62 42 -50
62 43 -63
62 44 -28
62 45 0
62 46 87
62 47 -77
62 48 -48
62 49 33
62 50 -6
62 51 40
62 52 84
62 53 98
62 54 -29
62 55 29
62 56 -78
62 57 31
62 58 -39
62 59 69
62 60 -59
62 61 -50
62 62 62
62 63 -14
62 64 99
62 65 37
62 66 42
62 67 5
62 68 4
62 69 -3
62 70 73
62 71 99
62 72 -78
62 73 -55
62 74 -46
62 75 -32
62 76 -99
62 77 93
62 78 -60
62 79 53
62 80 54
62 81 6
62 82 -15
62 83 -99
62 84 -11
62 85 74
62 86 74
62 87 -98
62 88 -20
62 89 88
62 90 95
62 91 4
62 92 6
62 93 1
62 94 37
62 95 -92
62 96 -15
62 97 -19
62 98 42
62 99 -66
62 100 -33
63 1 60
63 2 -69
63 3 8
63 4 47
63 5 62
63 6 53
63 7 28
63 8 -40
63 9 42
63 10 88
63 11 17
63 12 58
63 13 -46
63 14 -78
63 15 -23
63 16 -14
63 17 79
63 18 -68
63 19 -51
63 20 62
63 21 88
63 22 -66
63 23 -51
63 24 -79
63 25 96
63 26 -21
63 27 38
63 28 -39
63 29 -2
63 30 -3
63 31 9
63 32 -89
63 33 -24
63 34 -33
63 35 -31
63 36 -48
63 37 -46
63 38 -50
63 39 91
63 40 -43
63 41 -91
63 42 41
63 43 63
63 44 -31
63 45 -17
63 46 53
63 47 -65
63 48 -40
63 49 71
63 50 31
63 51 -91
63 52 68
63 53 68
63 54 -71
63 55 42
63 56 33
63 57 -11
63 58 11
63 59 72
63 60 -91
63 61 -94
63 62 -22
63 63 14
63 64 -49
63 65 13
63 66 40
63 67 79
63 68 95
63 69 -78
63 70 -64
63 71 -75
63 72 77
63 73 5
63 74 62
63 75 -35
63 76 22
63 77 71
63 78 -88
63 79 -67
63 80 76
63 81 -77
63 82 4
63 83 -39
63 84 27
63 85 0
63 86 -7
63 87 63
63 88 63
63 89 -59
63 90 -10
63 91 51
63 92 -88
63 93 -32
63 94 -66
63 95 -52
63 96 59
63 97 -2
63 98 -88
63 99 95
63 100 30
64 1 85
64 2 -31
64 3 34
64 4 55
64 5 -28
64 6 27
64 7 -47
64 8 -61
64 9 -6
64 10 -81
64 11 35
64 12 42
64 13 77
64 14 46
64 15 48
64 16 78
64 17 25
64 18 -45
64 19 -66
64 20 -3
64 21 -77
64 22 7
64 23 -80
64 24 56
64 25 -90
64 26 46
64 27 45
64 28 -79
64 29 59
64 30 -71
64 31 -4
64 32 -53
64 33 63
64 34 -59
64 35 -8
64 36 -97
64 37 -60
64 38 60
64 39 -43
64 40 -26
64 41 9
64 42 -45
64 43 52
64 44 53
64 45 54
64 46 10
64 47 -97
64 48 84
64 49 -67
64 50 -44
64 51 72
64 52 -61
64 53 -4
64 54 20
64 55 -42
64 56 28
64 57 -95
64 58 -37
64 59 40
64 60 -79
64 61 -40
64 62 80
64 63 -67
64 64 45
64 65 2
64 66 -27
64 67 -24
64 68 20
64 69 46
64 70 -62
64 71 29
64 72 82
64 73 81
64 74 -94
64 75 76
64 76 42
64 77 66
64 78 -76
64 79 -80
64 80 71
64 81 -6
64 82 -28
64 83 -72
64 84 11
64 85 72
64 86 94
64 87 20
64 88 61
64 89 26
64 90 -67
64 91 27
64 92 32
64 93 -12
64 94 -93
64 95 -31
64 96 58
64 97 -64
64 98 70
64 99 11
64 100 -73
65 1 -44
65 2 12
65 3 -100
65 4 86
65 5 67
65 6 25
65 7 -18
65 8 -4
65 9 -74
65 10 -17
65 11 11
65 12 -51
65 13 -54
65 14 41
65 15 -99
65 16 -69
65 17 -18
65 18 71
65 19 -41
65 20 -83
65 21 99
65 22 47
65 23 -73
65 24 -65
65 25 51
65 26 90
65 27 -69
65 28 -47
65 29 63
65 30 -73
65 31 -76
65 32 67
65 33 3
65 34 -68
65 35 50
65 36 -16
65 37 -12
65 38 56
65 39 -36
65 40 -14
65 41 -79
65 42 30
65 43 -51
65 44 -85
65 45 48
65 46 95
65 47 -42
65 48 80
65 49 54
65 50 28
65 51 86
65 52 -28
65 53 -2
65 54 -64
65 55 77
65 56 8
65 57 61
65 58 3
65 59 60
65 60 -62
65 61 44
65 62 -76
65 63 83
65 64 -7
65 65 83
65 66 65
65 67 -44
65 68 -95
65 69 -64
65 70 72
65 71 -84
65 72 34
65 73 -45
65 74 60
65 75 -31
65 76 22
65 77 -28
65 78 -26
65 79 56
65 80 25
65 81 -66
65 82 92
65 83 -95
65 84 28
65 85 -51
65 86 23
65 87 70
65 88 14
65 89 43
65 90 -91
65 91 -26
65 92 35
65 93 70
65 94 16
65 95 77
65 96 -66
65 97 97
65 98 -93
65 99 7
65 100 29
66 1 -22
66 2 -43
66 3 43
66 4 -72
66 5 25
66 6 -1
66 7 -85
66 8 -85
66 9 7
66 10 28
66 11 -15
66 12 27
66 13 -44
66 14 -90
66 15 -90
66 16 97
66 17 -38
66 18 -38
66 19 25
66 20 28
66 21 -24
66 22 -80
66 23 -28
66 24 -55
66 25 17
66 26 38
66 27 -40
66 28 5
66 29 -82
66 30 5
66 31 -33
66 32 3
66 33 -31
66 34 -3
66 35 -82
66 36 -9
66 37 76
66 38 30
66 39 53
66 40 -29
66 41 46
66 42 96
66 43 1
66 44 45
66 45 24
66 46 -1
66 47 42
66 48 33
66 49 -13
66 50 19
66 51 -83
66 52 67
66 53 -43
66 54 22
66 55 -91
66 56 36
66 57 -40
66 58 48
66 59 43
66 60 -88
66 61 -9
66 62 -71
66 63 21
66 64 -92
66 65 4
66 66 -75
66 67 86
66 68 -20
66 69 -42
66 70 63
66 71 13
66 72 31
66 73 -77
66 74 -1
66 75 97
66 76 18
66 77 74
66 78 90
66 79 50
66 80 -73
66 81 45
66 82 88
66 83 80
66 84 -44
66 85 -38
66 86 98
66 87 -3
66 88 -100
66 89 43
66 90 14
66 91 -71
66 92 -34
66 93 -56
66 94 50
66 95 -35
66 96 -60
66 97 27
66 98 -34
66 99 67
66 100 -26
67 1 44
67 2 29
67 3 8
67 4 64
67 5 -51
67 6 71
67 7 -84
67 8 93
67 9 -57
67 10 85
67 11 -13
67 12 95
67 13 72
67 14 -77
67 15 68
67 16 -34
67 17 -84
67 18 -100
67 19 -40
67 20 49
67 21 53
67 22 16
67 23 73
67 24 10
67 25 48
67 26 72
67 27 26
67 28 -57
67 29 71
67 30 54
67 31 26
67 32 96
67 33 -41
67 34 -44
67 35 0
67 36 -100
67 37 18
67 38 -13
67 39 30
67 40 -36
67 41 -36
67 42 22
67 43 93
67 44 -5
67 45 18
67 46 22
67 47 -51
67 48 -12
67 49 13
67 50 -43
67 51 -86
67 52 -100
67 53 -36
67 54 -4
67 55 -29
67 56 91
67 57 35
67 58 -11
67 59 -86
67 60 -1
67 61 -5
67 62 -18
67 63 93
67 64 -32
67 65 -6
67 66 94
67 67 5
67 68 -9
67 69 -92
67 70 81
67 71 -36
67 72 40
67 73 93
67 74 -50
67 75 -70
67 76 32
67 77 -6
67 78 79
67 79 26
67 80 -79
67 81 2
67 82 27
67 83 80
67 84 48
67 85 66
67 86 55
67 87 63
67 88 -76
67 89 24
67 90 67
67 91 8
67 92 35
67 93 -20
67 94 -80
67 95 78
67 96 45
67 97 53
67 98 15
67 99 -13
67 100 -14
68 1 14
68 2 77
68 3 -54
68 4 60
68 5 98
68 6 41
68 7 51
68 8 1
68 9 -27
68 10 -33
68 11 -86
68 12 83
68 13 -26
68 14 28
68 15 -63
68 16 62
68 17 66
68 18 -5
68 19 37
68 20 -60
68 21 35
68 22 58
68 23 -58
68 24 89
68 25 70
68 26 -76
68 27 -24
68 28 43
68 29 -51
68 30 -73
68 31 68
68 32 -63
68 33 88
68 34 85
68 35 -20
68 36 -28
68 37 97
68 38 18
68 39 57
68 40 -71
68 41 -19
68 42 -6
68 43 -85
68 44 84
68 45 -13
68 46 25
68 47 90
68 48 55
68 49 -73
68 50 -94
68 51 69
68 52 65
68 53 -45
68 54 -5
68 55 60
68 56 40
68 57 -21
68 58 -63
68 59 77
68 60 -90
68 61 10
68 62 -19
68 63 -63
68 64 -7
68 65 -6
68 66 58
68 67 -9
68 68 12
68 69 20
68 70 78
68 71 -17
68 72 -56
68 73 73
68 74 95
68 75 -80
68 76 -71
68 77 4
68 78 24
68 79 83
68 80 -97
68 81 18
68 82 99
68 83 84
68 84 94
68 85 39
68 86 0
68 87 86
68 88 39
68 89 79
68 90 -56
68 91 -51
68 92 36
68 93 96
68 94 -16
68 95 -49
68 96 14
68 97 43
68 98 47
68 99 24
68 100 72
69 1 39
69 2 -27
69 3 -34
69 4 64
69 5 80
69 6 96
69 7 -72
69 8 35
69 9 4
69 10 34
69 11 -44
69 12 67
69 13 -50
69 14 -99
69 15 -36
69 16 -61
69 17 46
69 18 98
69 19 23
69 20 92
69 21 52
69 22 -31
69 23 -74
69 24 52
69 25 -55
69 26 24
69 27 26
69 28 1
69 29 32
69 30 21
69 31 69
69 32 -24
69 33 56
69 34 -1
69 35 74
69 36 -25
69 37 62
69 38 6
69 39 -60
69 40 -54
69 41 -45
69 42 -49
69 43 -94
69 44 -19
69 45 -88
69 46 -44
69 47 -96
69 48 72
69 49 -71
69 50 15
69 51 95
69 52 50
69 53 -52
69 54 97
69 55 -16
69 56 54
69 57 -44
69 58 75
69 59 96
69 60 15
69 61 81
69 62 -78
69 63 -16
69 64 96
69 65 71
69 66 -30
69 67 -31
69 68 40
69 69 80
69 70 -99
69 71 -96
69 72 -68
69 73 -61
69 74 72
69 75 -8
69 76 73
69 77 81
69 78 -7
69 79 -16
69 80 -91
69 81 -47
69 82 -34
69 83 -98
69 84 -27
69 85 92
69 86 -91
69 87 -85
69 88 -21
69 89 35
69 90 11
69 91 20
69 92 40
69 93 43
69 94 -78
69 95 27
69 96 41
69 97 31
69 98 37
69 99 -83
69 100 61
70 1 62
70 2 -11
70 3 -81
70 4 67
70 5 -18
70 6 -2
70 7 87
70 8 -58
70 9 -81
70 10 -31
70 11 -20
70 12 94
70 13 66
70 14 39
70 15 -56
70 16 34
70 17 20
70 18 87
70 19 35
70 20 79
70 21 9
70 22 -73
70 23 -46
70 24 -40
70 25 73
70 26 81
70 27 95
70 28 23
70 29 -5
70 30 35
70 31 76
70 32 -38
70 33 60
70 34 53
70 35 -54
70 36 24
70 37 -91
70 38 -53
70 39 65
70 40 -9
70 41 -73
70 42 -1
70 43 25
70 44 -65
70 45 -76
70 46 -80
70 47 -13
70 48 29
70 49 -13
70 50 65
70 51 -54
70 52 -52
70 53 -25
70 54 -9
70 55 13
70 56 34
70 57 -74
70 58 -66
70 59 44
70 60 -27
70 61 50
70 62 -94
70 63 51
70 64 17
70 65 -74
70 66 11
70 67 74
70 68 52
70 69 -8
70 70 -39
70 71 33
70 72 12
70 73 38
70 74 -71
70 75 -52
70 76 76
70 77 -20
70 78 -60
70 79 0
70 80 -17
70 81 18
70 82 12
70 83 5
70 84 -28
70 85 -33
70 86 -97
70 87 -41
70 88 -43
70 89 -62
70 90 48
70 91 -64
70 92 -88
70 93 14
70 94 -33
70 95 -49
70 96 -70
70 97 3
70 98 -99
70 99 -43
70 100 -84
71 1 7
71 2 3
71 3 -96
71 4 83
71 5 36
71 6 -24
71 7 -81
71 8 -98
71 9 51
71 10 31
71 11 90
71 12 -92
71 13 -72
71 14 26
71 15 -82
71 16 19
71 17 64
71 18 -50
71 19 -66
71 20 15
71 21 58
71 22 -84
71 23 78
71 24 -64
71 25 32
71 26 98
71 27 -49
71 28 -72
71 29 50
71 30 -78
71 31 13
71 32 17
71 33 27
71 34 -23
71 35 70
71 36 70
71 37 87
71 38 -65
71 39 -31
71 40 58
71 41 98
71 42 95
71 43 54
71 44 1
71 45 47
71 46 91
71 47 61
71 48 67
71 49 -3
71 50 -82
71 51 -93
71 52 -4
71 53 61
71 54 81
71 55 46
71 56 -10
71 57 -5
71 58 -19
71 59 -94
71 60 -50
71 61 99
71 62 -21
71 63 28
71 64 38
71 65 45
71 66 96
71 67 29
71 68 15
71 69 88
71 70 -51
71 71 33
71 72 2
71 73 42
71 74 -62
71 75 -53
71 76 -3
71 77 -90
71 78 -12
71 79 11
71 80 82
71 81 12
71 82 -93
71 83 -67
71 84 -25
71 85 -30
71 86 -50
71 87 20
71 88 -41
71 89 11
71 90 -27
71 91 -55
71 92 -42
71 93 -23
71 94 56
71 95 44
71 96 -75
71 97 -73
71 98 77
71 99 -47
71 100 -75
72 1 42
72 2 24
72 3 71
72 4 38
72 5 52
72 6 83
72 7 -66
72 8 -40
72 9 32
72 10 93
72 11 -88
72 12 8
72 13 -8
72 14 -4
72 15 26
72 16 35
72 17 40
72 18 -25
72 19 -15
72 20 35
72 21 93
72 22 68
72 23 79
72 24 -48
72 25 46
72 26 -44
72 27 -96
72 28 -2
72 29 -97
72 30 70
72 31 -18
72 32 17
72 33 61
72 34 36
72 35 94
72 36 0
72 37 -57
72 38 98
72 39 -2
72 40 -89
72 41 -72
72 42 -65
72 43 89
72 44 77
72 45 -54
72 46 -39
72 47 -60
72 48 1
72 49 30
72 50 57
72 51 -27
72 52 -39
72 53 14
72 54 -91
72 55 -42
72 56 -86
72 57 -56
72 58 -91
72 59 -84
72 60 31
72 61 -12
72 62 95
72 63 -11
72 64 -65
72 65 32
72 66 79
72 67 -32
72 68 37
72 69 39
72 70 -52
72 71 -32
72 72 71
72 73 3
72 74 -83
72 75 -20
72 76 -84
72 77 40
72 78 -23
72 79 55
72 80 -1
72 81 -50
72 82 -84
72 83 95
72 84 46
72 85 36
72 86 -8
72 87 25
72 88 17
72 89 -47
72 90 -22
72 91 75
72 92 96
72 93 72
72 94 -11
72 95 -54
72 96 6
72 97 44
72 98 -41
72 99 31
72 100 -81
73 1 -14
73 2 -80
73 3 -100
73 4 91
73 5 -15
73 6 31
73 7 -78
73 8 54
73 9 -51
73 10 -86
73 11 96
73 12 -12
73 13 52
73 14 -99
73 15 -63
73 16 -2
73 17 68
73 18 5
73 19 80
73 20 93
73 21 43
73 22 -83
73 23 76
73 24 51
73 25 24
73 26 -87
73 27 -88
73 28 -61
73 29 -6
73 30 28
73 31 24
73 32 -86
73 33 -56
73 34 -84
73 35 76
73 36 -12
73 37 47
73 38 11
73 39 -67
73 40 -29
73 41 -47
73 42 -97
73 43 65
73 44 -3
73 45 30
73 46 -67
73 47 54
73 48 -27
73 49 19
73 50 34
73 51 27
73 52 47
73 53 2
73 54 62
73 55 -48
73 56 27
73 57 -34
73 58 -12
73 59 4
73 60 -17
73 61 -91
73 62 -23
73 63 53
73 64 64
73 65 43
73 66 26
73 67 29
73 68 33
73 69 23
73 70 -52
73 71 38
73 72 -73
73 73 -82
73 74 -45
73 75 -27
73 76 16
73 77 -60
73 78 -71
73 79 -82
73 80 -27
73 81 -38
73 82 94
73 83 40
73 84 -80
73 85 29
73 86 -66
73 87 30
73 88 38
73 89 -74
73 90 -28
73 91 97
73 92 20
73 93 87
73 94 55
73 95 -51
73 96 -96
73 97 -6
73 98 -81
73 99 -60
73 100 46
74 1 -86
74 2 56
74 3 35
74 4 19
74 5 17
74 6 -36
74 7 -92
74 8 -96
74 9 -98
74 10 42
74 11 10
74 12 37
74 13 57
74 14 -46
74 15 86
74 16 66
74 17 31
74 18 27
74 19 -85
74 20 52
74 21 -68
74 22 -94
74 23 -62
74 24 -77
74 25 73
74 26 -89
74 27 -66
74 28 70
74 29 69
74 30 -5
74 31 -23
74 32 -80
74 33 80
74 34 -38
74 35 -32
74 36 -39
74 37 -98
74 38 -10
74 39 -37
74 40 77
74 41 -6
74 42 -7
74 43 11
74 44 47
74 45 -36
74 46 54
74 47 47
74 48 94
74 49 -22
74 50 61
74 51 80
74 52 -66
74 53 85
74 54 82
74 55 81
74 56 72
74 57 -54
74 58 -75
74 59 87
74 60 48
74 61 54
74 62 53
74 63 -48
74 64 12
74 65 27
74 66 -82
74 67 -39
74 68 -87
74 69 76
74 70 62
74 71 -89
74 72 30
74 73 32
74 74 2
74 75 -11
74 76 -26
74 77 -63
74 78 -3
74 79 31
74 80 86
74 81 -48
74 82 -74
74 83 -6
74 84 -67
74 85 -79
74 86 19
74 87 35
74 88 -65
74 89 51
74 90 -6
74 91 79
74 92 -42
74 93 -14
74 94 -84
74 95 -80
74 96 -33
74 97 9
74 98 -67
74 99 -28
74 100 -1
75 1 19
75 2 97
75 3 -86
75 4 85
75 5 8
75 6 -4
75 7 71
75 8 -74
75 9 -95
75 10 -86
75 11 55
75 12 45
75 13 64
75 14 -97
75 15 7
75 16 -85
75 17 43
75 18 75
75 19 74
75 20 -90
75 21 -37
75 22 -48
75 23 -7
75 24 -55
75 25 7
75 26 -22
75 27 58
75 28 -88
75 29 -41
75 30 -79
75 31 75
75 32 -18
75 33 8
75 34 84
75 35 -27
75 36 15
75 37 94
75 38 26
75 39 -93
75 40 -64
75 41 -83
75 42 31
75 43 -26
75 44 76
75 45 -80
75 46 -19
75 47 43
75 48 85
75 49 98
75 50 12
75 51 -45
75 52 43
75 53 29
75 54 -92
75 55 -88
75 56 97
75 57 -21
75 58 87
75 59 -17
75 60 9
75 61 25
75 62 34
75 63 59
75 64 -71
75 65 -20
75 66 -23
75 67 39
75 68 -51
75 69 79
75 70 -98
75 71 47
75 72 99
75 73 -50
75 74 -33
75 75 -82
75 76 -77
75 77 50
75 78 -26
75 79 19
75 80 18
75 81 -39
75 82 23
75 83 40
75 84 85
75 85 -62
75 86 -12
75 87 -66
75 88 84
75 89 -71
75 90 68
75 91 -28
75 92 -48
75 93 -92
75 94 -42
75 95 5
75 96 32
75 97 57
75 98 -15
75 99 -7
75 100 -74
76 1 85
76 2 12
76 3 50
76 4 -55
76 5 37
76 6 84
76 7 -46
76 8 90
76 9 39
76 10 -97
76 11 66
76 12 -87
76 13 15
76 14 -17
76 15 95
76 16 83
76 17 -25
76 18 39
76 19 8
76 20 14
76 21 -27
76 22 19
76 23 83
76 24 70
76 25 38
76 26 -82
76 27 -47
76 28 12
76 29 -87
76 30 0
76 31 -93
76 32 75
76 33 -33
76 34 95
76 35 -46
76 36 77
76 37 -59
76 38 -97
76 39 44
76 40 -59
76 41 83
76 42 17
76 43 32
76 44 -87
76 45 -40
76 46 7
76 47 53
76 48 53
76 49 -56
76 50 0
76 51 -33
76 52 -43
76 53 -70
76 54 -61
76 55 11
76 56 60
76 57 53
76 58 47
76 59 69
76 60 27
76 61 -99
76 62 28
76 63 -86
76 64 93
76 65 -79
76 66 16
76 67 -63
76 68 -61
76 69 -17
76 70 -31
76 71 61
76 72 70
76 73 -32
76 74 -56
76 75 -54
76 76 80
76 77 -28
76 78 6
76 79 28
76 80 14
76 81 -91
76 82 70
76 83 61
76 84 31
76 85 45
76 86 -68
76 87 63
76 88 87
76 89 -15
76 90 70
76 91 -82
76 92 -41
76 93 70
76 94 -16
76 95 91
76 96 -31
76 97 -24
76 98 83
76 99 -58
76 100 -85
77 1 -86
77 2 -34
77 3 32
77 4 -24
77 5 -10
77 6 56
77 7 74
77 8 -96
77 9 11
77 10 -68
77 11 -10
77 12 -13
77 13 -93
77 14 14
77 15 24
77 16 -23
77 17 91
77 18 -6
77 19 43
77 20 -33
77 21 54
77 22 59
77 23 47
77 24 9
77 25 7
77 26 79
77 27 -55
77 28 41
77 29 -2
77 30 37
77 31 82
77 32 18
77 33 74
77 34 57
77 35 58
77 36 30
77 37 91
77 38 28
77 39 36
77 40 -62
77 41 39
77 42 -13
77 43 8
77 44 -69
77 45 -15
77 46 92
77 47 -98
77 48 -26
77 49 -29
77 50 15
77 51 55
77 52 -39
77 53 91
77 54 6
77 55 55
77 56 -71
77 57 -89
77 58 -16
77 59 -24
77 60 -46
77 61 -71
77 62 -23
77 63 -99
77 64 21
77 65 -11
77 66 -88
77 67 -55
77 68 -70
77 69 -23
77 70 -63
77 71 12
77 72 10
77 73 72
77 74 -98
77 75 -40
77 76 78
77 77 73
77 78 -37
77 79 -56
77 80 88
77 81 64
77 82 -45
77 83 52
77 84 -8
77 85 -23
77 86 92
77 87 -61
77 88 67
77 89 67
77 90 48
77 91 98
77 92 65
77 93 -77
77 94 2
77 95 -24
77 96 13
77 97 -32
77 98 22
77 99 35
77 100 -59
78 1 0
78 2 56
78 3 76
78 4 -14
78 5 -66
78 6 -97
78 7 42
78 8 61
78 9 -32
78 10 -48
78 11 47
78 12 60
78 13 -86
78 14 -54
78 15 -21
78 16 56
78 17 5
78 18 66
78 19 -15
78 20 -52
78 21 79
78 22 -60
78 23 73
78 24 68
78 25 56
78 26 88
78 27 92
78 28 -24
78 29 -13
78 30 87
78 31 -42
78 32 -68
78 33 -26
78 34 -37
78 35 -47
78 36 40
78 37 -27
78 38 -88
78 39 64
78 40 85
78 41 -71
78 42 -88
78 43 22
78 44 -84
78 45 46
78 46 38
78 47 -15
78 48 -67
78 49 -95
78 50 73
78 51 37
78 52 39
78 53 16
78 54 1
78 55 40
78 56 -16
78 57 66
78 58 -77
78 59 -17
78 60 -5
78 61 -93
78 62 -67
78 63 74
78 64 12
78 65 85
78 66 -61
78 67 -91
78 68 -24
78 69 8
78 70 -13
78 71 -26
78 72 18
78 73 44
78 74 70
78 75 -80
78 76 -61
78 77 71
78 78 -9
78 79 -60
78 80 -91
78 81 12
78 82 52
78 83 84
78 84 48
78 85 63
78 86 -59
78 87 49
78 88 17
78 89 -15
78 90 -61
78 91 -89
78 92 59
78 93 -44
78 94 -74
78 95 -79
78 96 2
78 97 -31
78 98 -44
78 99 52
78 100 -55
79 1 89
79 2 -78
79 3 94
79 4 -92
79 5 49
79 6 48
79 7 37
79 8 77
79 9 38
79 10 70
79 11 -56
79 12 40
79 13 -21
79 14 75
79 15 48
79 16 -48
79 17 -8
79 18 51
79 19 -45
79 20 38
79 21 -11
79 22 14
79 23 -50
79 24 -20
79 25 22
79 26 68
79 27 -95
79 28 59
79 29 13
79 30 -73
79 31 -25
79 32 93
79 33 27
79 34 -20
79 35 29
79 36 -37
79 37 91
79 38 79
79 39 45
79 40 82
79 41 -75
79 42 56
79 43 31
79 44 47
79 45 -63
79 46 91
79 47 14
79 48 -63
79 49 73
79 50 -49
79 51 -80
79 52 69
79 53 -27
79 54 -91
79 55 -66
79 56 79
79 57 -79
79 58 -67
79 59 34
79 60 37
79 61 32
79 62 66
79 63 51
79 64 -9
79 65 5
79 66 -39
79 67 -78
79 68 40
79 69 73
79 70 -77
79 71 -14
79 72 -33
79 73 71
79 74 -69
79 75 75
79 76 -6
79 77 -63
79 78 48
79 79 -56
79 80 28
79 81 13
79 82 -36
79 83 42
79 84 -68
79 85 47
79 86 -60
79 87 -71
79 88 91
79 89 -49
79 90 1
79 91 -68
79 92 85
79 93 32
79 94 -20
79 95 -25
79 96 -47
79 97 9
79 98 -38
79 99 96
79 100 -55
80 1 -23
80 2 14
80 3 -8
80 4 -6
80 5 60
80 6 12
80 7 95
80 8 38
80 9 -15
80 10 -18
80 11 -27
80 12 28
80 13 -46
80 14 73
80 15 23
80 16 14
80 17 -81
80 18 -16
80 19 -12
80 20 74
80 21 -95
80 22 30
80 23 50
80 24 15
80 25 -9
80 26 -3
80 27 20
80 28 -39
80 29 -24
80 30 -54
80 31 -58
80 32 -52
80 33 3
80 34 -91
80 35 -73
80 36 -93
80 37 -89
80 38 -52
80 39 74
80 40 3
80 41 -3
80 42 47
80 43 88
80 44 -28
80 45 48
80 46 -66
80 47 -70
80 48 94
80 49 16
80 50 43
80 51 -22
80 52 40
80 53 -80
80 54 -34
80 55 21
80 56 93
80 57 -17
80 58 -79
80 59 50
80 60 -94
80 61 -83
80 62 -36
80 63 88
80 64 -20
80 65 -37
80 66 -66
80 67 32
80 68 60
80 69 21
80 70 -91
80 71 -11
80 72 -79
80 73 92
80 74 6
80 75 -73
80 76 5
80 77 15
80 78 -86
80 79 -95
80 80 88
80 81 -29
80 82 81
80 83 70
80 84 23
80 85 60
80 86 -65
80 87 -37
80 88 -7
80 89 63
80 90 46
80 91 -12
80 92 -28
80 93 -81
80 94 -16
80 95 -81
80 96 -29
80 97 96
80 98 74
80 99 -3
80 100 -96
81 1 -8
81 2 84
81 3 -55
81 4 85
81 5 -69
81 6 98
81 7 67
81 8 43
81 9 -70
81 10 52
81 11 -54
81 12 -45
81 13 48
81 14 -65
81 15 -16
81 16 -36
81 17 -27
81 18 -100
81 19 96
81 20 -4
81 21 -87
81 22 71
81 23 -2
81 24 -79
81 25 -8
81 26 16
81 27 -3
81 28 -67
81 29 -26
81 30 -34
81 31 59
81 32 -8
81 33 -10
81 34 48
81 35 -19
81 36 14
81 37 80
81 38 -71
81 39 94
81 40 -48
81 41 -95
81 42 -26
81 43 88
81 44 -8
81 45 -32
81 46 -54
81 47 49
81 48 22
81 49 -39
81 50 -33
81 51 12
81 52 27
81 53 3
81 54 -66
81 55 32
81 56 62
81 57 82
81 58 -62
81 59 -16
81 60 -62
81 61 72
81 62 -3
81 63 -43
81 64 47
81 65 97
81 66 79
81 67 -35
81 68 39
81 69 55
81 70 -94
81 71 -7
81 72 -75
81 73 33
81 74 -76
81 75 -66
81 76 60
81 77 -77
81 78 58
81 79 1
81 80 -9
81 81 -11
81 82 -1
81 83 30
81 84 99
81 85 8
81 86 72
81 87 95
81 88 -87
81 89 76
81 90 66
81 91 -38
81 92 -49
81 93 47
81 94 25
81 95 -99
81 96 -65
81 97 5
81 98 -100
81 99 -74
81 100 -67
82 1 -63
82 2 45
82 3 -91
82 4 11
82 5 -56
82 6 -80
82 7 -95
82 8 60
82 9 53
82 10 -53
82 11 1
82 12 -60
82 13 43
82 14 -40
82 15 -54
82 16 -100
82 17 93
82 18 26
82 19 46
82 20 89
82 21 32
82 22 61
82 23 -27
82 24 36
82 25 -81
82 26 75
82 27 -37
82 28 -96
82 29 8
82 30 -40
82 31 92
82 32 -63
82 33 20
82 34 33
82 35 74
82 36 -75
82 37 -85
82 38 -11
82 39 -31
82 40 -71
82 41 3
82 42 -58
82 43 -52
82 44 50
82 45 10
82 46 -52
82 47 93
82 48 -3
82 49 2
82 50 -2
82 51 -37
82 52 -96
82 53 -92
82 54 23
82 55 -29
82 56 9
82 57 -84
82 58 67
82 59 14
82 60 -29
82 61 -29
82 62 -90
82 63 -9
82 64 -97
82 65 46
82 66 1
82 67 -16
82 68 0
82 69 47
82 70 69
82 71 -45
82 72 8
82 73 -68
82 74 12
82 75 18
82 76 -48
82 77 14
82 78 -27
82 79 -24
82 80 -98
82 81 61
82 82 47
82 83 -98
82 84 -88
82 85 -89
82 86 51
82 87 -65
82 88 -85
82 89 -79
82 90 -1
82 91 -99
82 92 67
82 93 -4
82 94 -40
82 95 -6
82 96 83
82 97 -40
82 98 12
82 99 4
82 100 60
83 1 41
83 2 -91
83 3 71
83 4 14
83 5 -7
83 6 92
83 7 -49
83 8 9
83 9 -6
83 10 66
83 11 -75
83 12 -24
83 13 22
83 14 -15
83 15 -63
83 16 64
83 17 -70
83 18 43
83 19 -21
83 20 -11
83 21 0
83 22 -29
83 23 -16
83 24 -31
83 25 57
83 26 98
83 27 -84
83 28 -11
83 29 16
83 30 74
83 31 -18
83 32 -6
83 33 -25
83 34 -1
83 35 -27
83 36 76
83 37 -2
83 38 -74
83 39 -42
83 40 -42
83 41 58
83 42 1
83 43 71
83 44 91
83 45 -97
83 46 9
83 47 79
83 48 -33
83 49 -49
83 50 -30
83 51 -97
83 52 15
83 53 50
83 54 -3
83 55 -84
83 56 99
83 57 91
83 58 96
83 59 98
83 60 19
83 61 -67
83 62 69
83 63 -63
83 64 82
83 65 -37
83 66 -24
83 67 71
83 68 -38
83 69 -73
83 70 -43
83 71 14
83 72 -95
83 73 83
83 74 53
83 75 -75
83 76 21
83 77 91
83 78 89
83 79 99
83 80 10
83 81 -38
83 82 -94
83 83 32
83 84 -18
83 85 50
83 86 -33
83 87 59
83 88 29
83 89 -4
83 90 -81
83 91 60
83 92 -12
83 93 70
83 94 46
83 95 -47
83 96 -87
83 97 92
83 98 -80
83 99 16
83 100 -5
84 1 59
84 2 28
84 3 55
84 4 97
84 5 89
84 6 95
84 7 55
84 8 -25
84 9 -28
84 10 -47
84 11 62
84 12 -45
84 13 -74
84 14 6
84 15 -24
84 16 -88
84 17 48
84 18 59
84 19 -27
84 20 66
84 21 19
84 22 67
84 23 61
84 24 -55
84 25 60
84 26 -62
84 27 -28
84 28 83
84 29 -22
84 30 23
84 31 98
84 32 -88
84 33 -21
84 34 75
84 35 35
84 36 -17
84 37 80
84 38 5
84 39 38
84 40 62
84 41 -89
84 42 -71
84 43 39
84 44 59
84 45 -10
84 46 83
84 47 82
84 48 -7
84 49 72
84 50 48
84 51 -79
84 52 37
84 53 -65
84 54 79
84 55 76
84 56 67
84 57 79
84 58 -99
84 59 -3
84 60 -88
84 61 -51
84 62 28
84 63 81
84 64 31
84 65 -20
84 66 41
84 67 -1
84 68 38
84 69 -5
84 70 37
84 71 98
84 72 -56
84 73 -93
84 74 -72
84 75 65
84 76 20
84 77 9
84 78 40
84 79 52
84 80 41
84 81 -22
84 82 24
84 83 -4
84 84 -37
84 85 86
84 86 -36
84 87 -39
84 88 -62
84 89 -85
84 90 88
84 91 67
84 92 -12
84 93 58
84 94 -82
84 95 43
84 96 -45
84 97 -81
84 98 69
84 99 17
84 100 55
85 1 -65
85 2 -54
85 3 64
85 4 -92
85 5 70
85 6 60
85 7 7
85 8 92
85 9 -56
85 10 -49
85 11 -5
85 12 -80
85 13 -88
85 14 -32
85 15 97
85 16 -53
85 17 34
85 18 -93
85 19 79
85 20 79
85 21 -100
85 22 23
85 23 -30
85 24 1
85 25 54
85 26 -64
85 27 -49
85 28 -36
85 29 -96
85 30 -22
85 31 23
85 32 53
85 33 -77
85 34 88
85 35 3
85 36 -49
85 37 -93
85 38 22
85 39 -14
85 40 -1
85 41 50
85 42 -2
85 43 -74
85 44 41
85 45 -66
85 46 87
85 47 28
85 48 3
85 49 90
85 50 21
85 51 11
85 52 49
85 53 37
85 54 10
85 55 94
85 56 -52
85 57 45
85 58 -73
85 59 39
85 60 -22
85 61 -55
85 62 16
85 63 33
85 64 -89
85 65 52
85 66 -93
85 67 -58
85 68 73
85 69 76
85 70 19
85 71 -15
85 72 -27
85 73 38
85 74 45
85 75 -36
85 76 44
85 77 14
85 78 -97
85 79 49
85 80 5
85 81 -94
85 82 79
85 83 -90
85 84 -40
85 85 92
85 86 40
85 87 -45
85 88 -3
85 89 46
85 90 72
85 91 -13
85 92 82
85 93 86
85 94 28
85 95 89
85 96 40
85 97 -92
85 98 -52
85 99 80
85 100 10
86 1 -36
86 2 -52
86 3 -62
86 4 36
86 5 -41
86 6 -77
86 7 73
86 8 98
86 9 -90
86 10 67
86 11 -34
86 12 -100
86 13 -33
86 14 98
86 15 -34
86 16 -43
86 17 -50
86 18 17
86 19 0
86 20 -46
86 21 -21
86 22 9
86 23 76
86 24 75
86 25 16
86 26 31
86 27 96
86 28 53
86 29 -14
86 30 65
86 31 -6
86 32 2
86 33 42
86 34 -47
86 35 -89
86 36 -50
86 37 15
86 38 -50
86 39 78
86 40 17
86 41 46
86 42 -55
86 43 61
86 44 28
86 45 51
86 46 -25
86 47 39
86 48 -63
86 49 67
86 50 24
86 51 -91
86 52 -49
86 53 -15
86 54 -23
86 55 -71
86 56 -7
86 57 -13
86 58 6
86 59 -100
86 60 -26
86 61 49
86 62 -95
86 63 -40
86 64 4
86 65 43
86 66 -41
86 67 -9
86 68 32
86 69 28
86 70 78
86 71 23
86 72 -87
86 73 -38
86 74 -15
86 75 37
86 76 -8
86 77 -52
86 78 88
86 79 33
86 80 -28
86 81 22
86 82 -30
86 83 -26
86 84 -72
86 85 -48
86 86 38
86 87 78
86 88 66
86 89 26
86 90 -86
86 91 -76
86 92 -98
86 93 52
86 94 -29
86 95 37
86 96 -32
86 97 60
86 98 -68
86 99 32
86 100 47
87 1 97
87 2 12
87 3 -33
87 4 25
87 5 0
87 6 38
87 7 79
87 8 -66
87 9 -96
87 10 -94
87 11 67
87 12 36
87 13 62
87 14 51
87 15 94
87 16 22
87 17 -47
87 18 77
87 19 -26
87 20 -53
87 21 48
87 22 28
87 23 -81
87 24 -34
87 25 54
87 26 -54
87 27 -7
87 28 67
87 29 36
87 30 -31
87 31 -87
87 32 44
87 33 51
87 34 -5
87 35 -68
87 36 -30
87 37 34
87 38 1
87 39 -3
87 40 -27
87 41 -28
87 42 -23
87 43 -35
87 44 -44
87 45 71
87 46 -97
87 47 33
87 48 -6
87 49 80
87 50 60
87 51 33
87 52 -54
87 53 -81
87 54 31
87 55 -23
87 56 37
87 57 41
87 58 -74
87 59 3
87 60 63
87 61 -18
87 62 -77
87 63 68
87 64 93
87 65 52
87 66 -54
87 67 -31
87 68 -76
87 69 -50
87 70 14
87 71 45
87 72 -72
87 73 -51
87 74 9
87 75 -23
87 76 92
87 77 -39
87 78 -88
87 79 27
87 80 -28
87 81 66
87 82 19
87 83 6
87 84 -42
87 85 -55
87 86 -26
87 87 -28
87 88 -56
87 89 -38
87 90 -54
87 91 -54
87 92 75
87 93 -3
87 94 -92
87 95 45
87 96 11
87 97 81
87 98 -55
87 99 -47
87 100 -66
88 1 -46
88 2 99
88 3 54
88 4 -94
88 5 75
88 6 72
88 7 -66
88 8 8
88 9 82
88 10 52
88 11 14
88 12 92
88 13 68
88 14 -19
88 15 -1
88 16 -78
88 17 -84
88 18 52
88 19 10
88 20 -63
88 21 27
88 22 23
88 23 65
88 24 40
88 25 -31
88 26 23
88 27 -55
88 28 -89
88 29 -6
88 30 -77
88 31 -77
88 32 44
88 33 -40
88 34 -100
88 35 44
88 36 25
88 37 98
88 38 53
88 39 34
88 40 -28
88 41 75
88 42 31
88 43 -30
88 44 -80
88 45 35
88 46 -63
88 47 75
88 48 -80
88 49 -28
88 50 -33
88 51 98
88 52 -20
88 53 15
88 54 -78
88 55 -35
88 56 46
88 57 29
88 58 -57
88 59 58
88 60 -94
88 61 12
88 62 80
88 63 86
88 64 12
88 65 -43
88 66 -57
88 67 -16
88 68 59
88 69 87
88 70 58
88 71 27
88 72 89
88 73 14
88 74 -16
88 75 -12
88 76 50
88 77 -25
88 78 8
88 79 -91
88 80 77
88 81 -15
88 82 89
88 83 25
88 84 -33
88 85 -39
88 86 -64
88 87 -39
88 88 -92
88 89 -2
88 90 95
88 91 76
88 92 -71
88 93 77
88 94 45
88 95 -47
88 96 -39
88 97 -39
88 98 58
88 99 69
88 100 15
89 1 -49
89 2 -79
89 3 -68
89 4 -55
89 5 3
89 6 43
89 7 -24
89 8 -70
89 9 -34
89 10 38
89 11 -71
89 12 0
89 13 -63
89 14 48
89 15 -62
89 16 40
89 17 -33
89 18 -5
89 19 -5
89 20 -83
89 21 63
89 22 -42
89 23 95
89 24 -53
89 25 82
89 26 29
89 27 32
89 28 76
89 29 44
89 30 -21
89 31 5
89 32 3
89 33 67
89 34 -13
89 35 84
89 36 19
89 37 64
89 38 77
89 39 96
89 40 -57
89 41 36
89 42 -60
89 43 -16
89 44 -53
89 45 62
89 46 -75
89 47 -45
89 48 -38
89 49 -63
89 50 39
89 51 37
89 52 36
89 53 -42
89 54 -28
89 55 -79
89 56 17
89 57 48
89 58 9
89 59 -39
89 60 6
89 61 24
89 62 65
89 63 48
89 64 97
89 65 -62
89 66 -17
89 67 8
89 68 -38
89 69 -97
89 70 82
89 71 21
89 72 -76
89 73 39
89 74 -11
89 75 87
89 76 99
89 77 55
89 78 -31
89 79 -29
89 80 -64
89 81 -52
89 82 -1
89 83 -36
89 84 59
89 85 -31
89 86 34
89 87 96
89 88 -58
89 89 -80
89 90 99
89 91 -82
89 92 -63
89 93 -56
89 94 -48
89 95 -19
89 96 -64
89 97 -86
89 98 -73
89 99 41
89 100 14
90 1 83
90 2 -77
90 3 -8
90 4 -73
90 5 -13
90 6 -21
90 7 71
90 8 -63
90 9 20
90 10 33
90 11 53
90 12 -31
90 13 50
90 14 82
90 15 -95
90 16 -82
90 17 21
90 18 -64
90 19 68
90 20 94
90 21 35
90 22 10
90 23 75
90 24 -54
90 25 -60
90 26 78
90 27 -49
90 28 -68
90 29 -56
90 30 -33
90 31 98
90 32 -15
90 33 -62
90 34 -60
90 35 4
90 36 -44
90 37 88
90 38 56
90 39 -59
90 40 69
90 41 96
90 42 52
90 43 -95
90 44 29
90 45 -82
90 46 -8
90 47 -100
90 48 -23
90 49 37
90 50 6
90 51 -42
90 52 41
90 53 49
90 54 89
90 55 7
90 56 97
90 57 -72
90 58 27
90 59 -38
90 60 97
90 61 51
90 62 44
90 63 -47
90 64 -93
90 65 -13
90 66 57
90 67 65
90 68 -99
90 69 -86
90 70 -35
90 71 81
90 72 -29
90 73 10
90 74 51
90 75 -69
90 76 77
90 77 1
90 78 40
90 79 99
90 80 11
90 81 98
90 82 -12
90 83 -19
90 84 39
90 85 -78
90 86 -42
90 87 97
90 88 97
90 89 -11
90 90 -81
90 91 54
90 92 -60
90 93 -10
90 94 -3
90 95 -24
90 96 0
90 97 -78
90 98 9
90 99 8
90 100 -6
91 1 -35
91 2 -51
91 3 -20
91 4 -44
91 5 52
91 6 -22
91 7 68
91 8 -26
91 9 89
91 10 47
91 11 44
91 12 -8
91 13 -26
91 14 -61
91 15 -31
91 16 94
91 17 55
91 18 85
91 19 79
91 20 18
91 21 -98
91 22 -40
91 23 64
91 24 70
91 25 -97
91 26 13
91 27 -56
91 28 -75
91 29 30
91 30 63
91 31 68
91 32 83
91 33 -71
91 34 -57
91 35 89
91 36 83
91 37 -27
91 38 48
91 39 12
91 40 25
91 41 97
91 42 -20
91 43 45
91 44 -74
91 45 21
91 46 44
91 47 -15
91 48 73
91 49 11
91 50 15
91 51 71
91 52 -82
91 53 -60
91 54 18
91 55 18
91 56 7
91 57 31
91 58 -66
91 59 77
91 60 -26
91 61 37
91 62 61
91 63 -41
91 64 28
91 65 36
91 66 57
91 67 -96
91 68 -56
91 69 -75
91 70 13
91 71 21
91 72 -22
91 73 -16
91 74 -89
91 75 47
91 76 -66
91 77 -17
91 78 -50
91 79 31
91 80 50
91 81 72
91 82 -79
91 83 -16
91 84 42
91 85 -14
91 86 61
91 87 -48
91 88 -21
91 89 -57
91 90 -73
91 91 97
91 92 1
91 93 -19
91 94 93
91 95 -14
91 96 48
91 97 26
91 98 -72
91 99 -26
91 100 -69
92 1 -50
92 2 56
92 3 -42
92 4 -92
92 5 -11
92 6 47
92 7 7
92 8 12
92 9 -69
92 10 40
92 11 4
92 12 -27
92 13 84
92 14 -89
92 15 48
92 16 -22
92 17 -13
92 18 89
92 19 2
92 20 -99
92 21 93
92 22 -91
92 23 -62
92 24 -89
92 25 -42
92 26 -12
92 27 51
92 28 24
92 29 -87
92 30 -25
92 31 -61
92 32 -51
92 33 27
92 34 12
92 35 41
92 36 -68
92 37 77
92 38 -25
92 39 51
92 40 -21
92 41 25
92 42 -18
92 43 36
92 44 -25
92 45 -9
92 46 -91
92 47 46
92 48 -12
92 49 -93
92 50 -5
92 51 -24
92 52 -95
92 53 -36
92 54 62
92 55 53
92 56 6
92 57 -35
92 58 -81
92 59 -78
92 60 -51
92 61 -19
92 62 -14
92 63 60
92 64 43
92 65 8
92 66 37
92 67 -44
92 68 -25
92 69 48
92 70 26
92 71 30
92 72 34
92 73 -74
92 74 50
92 75 73
92 76 82
92 77 6
92 78 -68
92 79 -63
92 80 43
92 81 51
92 82 65
92 83 32
92 84 -54
92 85 -89
92 86 -51
92 87 -19
92 88 -32
92 89 33
92 90 -7
92 91 95
92 92 -13
92 93 51
92 94 27
92 95 -54
92 96 -23
92 97 81
92 98 97
92 99 57
92 100 1
93 1 42
93 2 31
93 3 -1
93 4 -36
93 5 29
93 6 -4
93 7 54
93 8 -78
93 9 55
93 10 -37
93 11 -32
93 12 81
93 13 3
93 14 -58
93 15 66
93 16 63
93 17 58
93 18 27
93 19 -4
93 20 -80
93 21 7
93 22 -88
93 23 -33
93 24 -88
93 25 16
93 26 50
93 27 -44
93 28 68
93 29 68
93 30 41
93 31 79
93 32 -73
93 33 8
93 34 5
93 35 84
93 36 20
93 37 -48
93 38 91
93 39 90
93 40 -82
93 41 -1
93 42 57
93 43 22
93 44 -30
93 45 -90
93 46 26
93 47 71
93 48 18
93 49 -37
93 50 -64
93 51 30
93 52 78
93 53 45
93 54 19
93 55 95
93 56 45
93 57 46
93 58 -64
93 59 18
93 60 55
93 61 -45
93 62 83
93 63 -85
93 64 13
93 65 -87
93 66 93
93 67 -81
93 68 48
93 69 -94
93 70 85
93 71 -93
93 72 -86
93 73 -48
93 74 -30
93 75 19
93 76 47
93 77 83
93 78 42
93 79 79
93 80 4
93 81 -75
93 82 53
93 83 -20
93 84 -95
93 85 11
93 86 85
93 87 -14
93 88 -78
93 89 23
93 90 -81
93 91 74
93 92 1
93 93 17
93 94 80
93 95 -31
93 96 -85
93 97 -21
93 98 -26
93 99 94
93 100 -48
94 1 -29
94 2 64
94 3 -41
94 4 12
94 5 1
94 6 -82
94 7 -80
94 8 33
94 9 -75
94 10 -97
94 11 55
94 12 25
94 13 47
94 14 41
94 15 92
94 16 27
94 17 32
94 18 -6
94 19 47
94 20 25
94 21 8
94 22 -39
94 23 -69
94 24 -1
94 25 -79
94 26 85
94 27 37
94 28 -44
94 29 -11
94 30 54
94 31 54
94 32 93
94 33 -57
94 34 -62
94 35 -58
94 36 35
94 37 3
94 38 -49
94 39 -76
94 40 -40
94 41 -45
94 42 97
94 43 94
94 44 -98
94 45 46
94 46 -99
94 47 52
94 48 74
94 49 85
94 50 -46
94 51 74
94 52 -35
94 53 -3
94 54 -14
94 55 -1
94 56 -6
94 57 -76
94 58 -92
94 59 -46
94 60 79
94 61 -39
94 62 67
94 63 37
94 64 90
94 65 -86
94 66 32
94 67 44
94 68 -88
94 69 -89
94 70 73
94 71 -75
94 72 -41
94 73 30
94 74 72
94 75 80
94 76 -14
94 77 -65
94 78 -56
94 79 -98
94 80 -63
94 81 -25
94 82 -91
94 83 -98
94 84 12
94 85 77
94 86 -81
94 87 -66
94 88 -5
94 89 61
94 90 -65
94 91 -86
94 92 -15
94 93 48
94 94 -78
94 95 -1
94 96 -70
94 97 2
94 98 50
94 99 -34
94 100 47
95 1 -8
95 2 -26
95 3 -64
95 4 -64
95 5 -64
95 6 3
95 7 59
95 8 -50
95 9 -12
95 10 42
95 11 30
95 12 18
95 13 -74
95 14 55
95 15 -25
95 16 85
95 17 35
95 18 -70
95 19 77
95 20 -62
95 21 -23
95 22 64
95 23 -83
95 24 -55
95 25 -7
95 26 -88
95 27 49
95 28 62
95 29 90
95 30 -17
95 31 -73
95 32 -14
95 33 42
95 34 -43
95 35 26
95 36 -12
95 37 11
95 38 86
95 39 -16
95 40 84
95 41 20
95 42 -94
95 43 -5
95 44 93
95 45 -70
95 46 -78
95 47 65
95 48 74
95 49 56
95 50 -52
95 51 -21
95 52 42
95 53 15
95 54 84
95 55 37
95 56 -13
95 57 -16
95 58 -35
95 59 -97
95 60 -76
95 61 26
95 62 86
95 63 -28
95 64 -9
95 65 -43
95 66 37
95 67 63
95 68 -8
95 69 -31
95 70 -10
95 71 63
95 72 85
95 73 -88
95 74 -26
95 75 -38
95 76 75
95 77 17
95 78 8
95 79 58
95 80 -95
95 81 54
95 82 -27
95 83 19
95 84 34
95 85 13
95 86 78
95 87 -98
95 88 -72
95 89 43
95 90 46
95 91 -6
95 92 -13
95 93 59
95 94 62
95 95 46
95 96 19
95 97 -33
95 98 16
95 99 -89
95 100 97
96 1 -80
96 2 -65
96 3 76
96 4 -19
96 5 57
96 6 86
96 7 -51
96 8 -86
96 9 -59
96 10 91
96 11 19
96 12 -82
96 13 -20
96 14 94
96 15 -89
96 16 0
96 17 -33
96 18 -79
96 19 -75
96 20 -92
96 21 -20
96 22 -25
96 23 -5
96 24 15
96 25 74
96 26 -55
96 27 -60
96 28 -4
96 29 -91
96 30 51
96 31 -73
96 32 -10
96 33 5
96 34 1
96 35 58
96 36 -12
96 37 91
96 38 -90
96 39 -41
96 40 19
96 41 92
96 42 -97
96 43 -81
96 44 -25
96 45 98
96 46 -88
96 47 -24
96 48 9
96 49 90
96 50 -88
96 51 -93
96 52 50
96 53 -67
96 54 -80
96 55 -57
96 56 -13
96 57 66
96 58 -76
96 59 20
96 60 74
96 61 96
96 62 92
96 63 -20
96 64 -55
96 65 33
96 66 32
96 67 39
96 68 70
96 69 45
96 70 -98
96 71 71
96 72 -34
96 73 71
96 74 -32
96 75 -26
96 76 36
96 77 -69
96 78 -43
96 79 -82
96 80 94
96 81 -66
96 82 48
96 83 96
96 84 -93
96 85 30
96 86 32
96 87 -11
96 88 81
96 89 8
96 90 -24
96 91 -75
96 92 -46
96 93 -60
96 94 -29
96 95 67
96 96 5
96 97 20
96 98 91
96 99 16
96 100 -60
97 1 35
97 2 67
97 3 -42
97 4 62
97 5 -63
97 6 -17
97 7 23
97 8 -45
97 9 -12
97 10 8
97 11 75
97 12 -33
97 13 23
97 14 -27
97 15 10
97 16 45
97 17 62
97 18 -75
97 19 52
97 20 36
97 21 -28
97 22 56
97 23 72
97 24 57
97 25 58
97 26 -62
97 27 34
97 28 -12
97 29 -63
97 30 -76
97 31 67
97 32 57
97 33 -96
97 34 79
97 35 85
97 36 -74
97 37 98
97 38 -53
97 39 -34
97 40 -23
97 41 -80
97 42 25
97 43 -58
97 44 -33
97 45 -27
97 46 -90
97 47 34
97 48 -89
97 49 13
97 50 -18
97 51 19
97 52 -63
97 53 -12
97 54 99
97 55 5
97 56 -36
97 57 -24
97 58 -95
97 59 -54
97 60 -57
97 61 -23
97 62 69
97 63 -40
97 64 28
97 65 -29
97 66 7
97 67 22
97 68 -76
97 69 -68
97 70 -29
97 71 -48
97 72 -48
97 73 -35
97 74 -41
97 75 -38
97 76 -32
97 77 25
97 78 84
97 79 -16
97 80 91
97 81 -68
97 82 57
97 83 -40
97 84 1
97 85 81
97 86 -45
97 87 -21
97 88 -50
97 89 82
97 90 16
97 91 83
97 92 -32
97 93 -61
97 94 11
97 95 36
97 96 -22
97 97 -77
97 98 -24
97 99 91
97 100 97
98 1 50
98 2 -2
98 3 33
98 4 -52
98 5 68
98 6 94
98 7 -26
98 8 -13
98 9 -2
98 10 78
98 11 -28
98 12 39
98 13 43
98 14 52
98 15 -99
98 16 38
98 17 -43
98 18 15
98 19 57
98 20 -45
98 21 36
98 22 -53
98 23 15
98 24 -85
98 25 69
98 26 8
98 27 11
98 28 -47
98 29 -30
98 30 98
98 31 -69
98 32 58
98 33 62
98 34 97
98 35 28
98 36 -71
98 37 -81
98 38 -54
98 39 75
98 40 7
98 41 97
98 42 40
98 43 4
98 44 38
98 45 -32
98 46 64
98 47 28
98 48 -93
98 49 -81
98 50 2
98 51 86
98 52 96
98 53 -97
98 54 -86
98 55 32
98 56 -22
98 57 52
98 58 -9
98 59 80
98 60 -70
98 61 -81
98 62 91
98 63 -37
98 64 -81
98 65 -28
98 66 -8
98 67 -83
98 68 9
98 69 23
98 70 -37
98 71 -83
98 72 -91
98 73 -54
98 74 7
98 75 -6
98 76 38
98 77 2
98 78 -67
98 79 -30
98 80 -38
98 81 56
98 82 27
98 83 -31
98 84 68
98 85 -78
98 86 3
98 87 -52
98 88 14
98 89 -97
98 90 13
98 91 1
98 92 -45
98 93 29
98 94 -25
98 95 91
98 96 75
98 97 -29
98 98 -61
98 99 58
98 100 44
99 1 -44
99 2 -4
99 3 -49
99 4 -43
99 5 -23
99 6 17
99 7 -26
99 8 77
99 9 94
99 10 -69
99 11 69
99 12 87
99 13 -71
99 14 88
99 15 17
99 16 -43
99 17 -21
99 18 -54
99 19 -96
99 20 -40
99 21 -87
99 22 77
99 23 -79
99 24 -26
99 25 -60
99 26 -29
99 27 -10
99 28 -7
99 29 -42
99 30 75
99 31 94
99 32 5
99 33 -31
99 34 -4
99 35 82
99 36 -15
99 37 55
99 38 16
99 39 40
99 40 47
99 41 -17
99 42 -16
99 43 -100
99 44 -8
99 45 89
99 46 71
99 47 -47
99 48 -54
99 49 40
99 50 87
99 51 32
99 52 18
99 53 79
99 54 -86
99 55 -34
99 56 17
99 57 -6
99 58 11
99 59 31
99 60 67
99 61 -27
99 62 8
99 63 96
99 64 -66
99 65 -47
99 66 -20
99 67 74
99 68 89
99 69 50
99 70 -43
99 71 -96
99 72 80
99 73 -73
99 74 -75
99 75 65
99 76 -6
99 77 -55
99 78 -37
99 79 -42
99 80 73
99 81 39
99 82 27
99 83 13
99 84 19
99 85 72
99 86 -75
99 87 60
99 88 13
99 89 21
99 90 -84
99 91 13
99 92 37
99 93 -24
99 94 -89
99 95 49
99 96 -74
99 97 16
99 98 35
99 99 -65
99 100 -26
100 1 73
100 2 -51
100 3 77
100 4 -76
100 5 -58
100 6 -31
100 7 -98
100 8 66
100 9 57
100 10 -51
100 11 -73
100 12 42
100 13 66
100 14 -67
100 15 7
100 16 -18
100 17 -20
100 18 -44
100 19 46
100 20 57
100 21 47
100 22 44
100 23 -88
100 24 -26
100 25 -69
100 26 -91
100 27 48
100 28 -4
100 29 -70
100 30 7
100 31 -50
100 32 91
100 33 -67
100 34 -69
100 35 87
100 36 -15
100 37 -75
100 38 28
100 39 -50
100 40 -7
100 41 -81
100 42 -44
100 43 99
100 44 54
100 45 8
100 46 -16
100 47 73
100 48 70
100 49 -29
100 50 -48
100 51 87
100 52 18
100 53 -10
100 54 97
100 55 -25
100 56 -43
100 57 28
100 58 -12
100 59 -21
100 60 2
100 61 90
100 62 0
100 63 -3
100 64 67
100 65 43
100 66 73
100 67 -45
100 68 81
100 69 55
100 70 -29
100 71 73
100 72 -1
100 73 -57
100 74 -12
100 75 -44
100 76 -3
100 77 31
100 78 67
100 79 20
100 80 4
100 81 -1
100 82 -16
100 83 -37
100 84 46
100 85 -79
100 86 23
100 87 -49
100 88 94
100 89 -50
100 90 -71
100 91 -90
100 92 -74
100 93 60
100 94 -61
100 95 -45
100 96 56
100 97 -28
100 98 83
100 99 97
100 100 21
